9
5
11
8
14
19
18
15
17
46
48
46
46
46
49
50
52
48
8
6
5
8
23
12
17
20
21
45
41
54
47
41
57
56
54
49
54
10
8
15
16
14
11
9
10
17
18
33
33
37
37
37
44
42
50
45
45
9
8
11
7
10
10
9
11
14
12
37
39
39
43
37
71
50
45
23
21
18
20
26
34
27
21
25
55
59
58
58
58
61
61
63
58
21
18
22
26
26
23
26
21
31
52
52
62
56
49
67
66
63
58
65
25
22
23
25
16
10
18
16
13
19
40
33
45
44
47
55
49
58
55
51
22
22
23
20
24
8
7
10
15
5
45
47
51
49
45
77
58
53
16
15
6
15
19
20
19
20
17
48
49
50
50
50
52
52
53
51
17
11
15
10
26
16
21
24
22
49
43
52
51
44
61
60
58
53
58
15
55
11
16
15
7
11
10
14
13
34
32
41
36
35
48
46
55
49
47
13
12
15
10
14
4
10
9
14
9
38
45
42
47
38
75
48
49
16
9
8
5
9
20
19
14
13
46
48
46
47
46
52
50
53
48
13
8
9
10
21
10
16
16
23
43
41
53
46
44
55
54
53
47
54
11
10
11
11
12
9
7
9
14
16
34
29
36
35
40
46
40
52
44
45
7
8
9
9
8
6
11
10
13
8
39
38
42
44
40
69
51
47
15
12
12
7
17
21
61
17
17
53
56
54
54
54
57
58
58
56
19
13
11
15
26
17
21
17
29
51
49
60
53
49
62
62
61
55
61
10
54
15
14
14
12
14
10
16
16
38
32
41
43
45
51
46
56
52
48
7
10
6
11
7
12
9
16
13
10
43
45
47
47
43
63
56
51
33
13
20
21
18
9
11
6
4
38
40
38
38
38
43
42
44
40
14
15
19
16
14
4
8
9
14
35
33
45
37
34
46
46
45
39
45
8
12
13
8
5
13
23
21
19
20
25
26
27
27
30
37
31
43
36
35
15
18
21
18
15
17
17
16
19
18
30
30
33
34
30
60
43
38
30
17
17
22
15
10
6
1
3
34
35
36
36
36
38
38
39
37
16
15
18
10
8
7
5
8
9
30
29
40
37
33
47
46
44
39
44
15
12
11
9
10
19
22
21
20
15
19
19
26
22
25
35
32
39
35
34
15
18
20
20
16
19
17
19
20
18
24
28
31
29
24
60
37
34
39
24
26
32
25
16
21
3
15
35
37
35
35
35
39
39
41
37
23
22
20
24
15
12
15
14
15
37
30
43
34
31
43
43
42
36
42
24
69
24
14
17
17
28
30
22
25
22
20
23
24
27
33
28
39
33
31
24
27
26
24
25
24
21
17
24
18
26
27
29
30
26
57
39
34
58
62
57
63
63
55
59
53
28
83
80
83
83
82
86
83
89
82
60
53
55
54
49
46
51
53
51
80
78
89
81
75
91
91
89
84
90
52
57
51
40
48
57
64
113
62
66
66
58
70
67
62
80
75
86
81
81
55
58
59
56
53
55
55
63
63
56
73
72
76
75
72
84
77
80
36
22
27
28
23
17
22
12
1
45
50
48
48
48
51
52
52
50
27
22
21
22
13
3
4
10
14
47
43
52
47
46
56
56
55
49
55
18
19
24
12
16
26
30
28
21
30
30
28
35
36
30
45
40
48
45
40
26
25
27
26
23
26
22
22
22
23
35
37
41
39
35
57
48
43
65
53
54
61
54
47
47
38
38
41
6
6
9
6
10
9
10
8
54
54
51
52
36
43
34
40
35
5
5
22
3
13
18
16
16
9
14
45
91
53
43
40
49
54
57
46
49
28
23
24
14
23
15
9
23
15
9
55
58
57
54
51
48
53
44
47
45
14
17
15
14
13
27
6
7
73
61
62
68
64
55
55
46
47
49
11
7
5
5
9
7
9
8
62
62
59
63
48
50
49
48
44
23
15
19
15
16
17
14
13
8
13
57
60
62
51
53
52
62
64
53
64
43
38
29
28
33
27
22
26
19
21
69
66
59
59
64
56
56
52
55
54
23
21
24
23
23
34
9
6
80
64
72
75
71
62
62
53
49
56
15
14
5
5
7
7
7
7
115
67
66
70
47
55
53
55
51
28
24
24
13
23
15
12
10
3
9
61
104
69
58
57
62
69
71
63
66
45
40
33
30
33
33
29
25
19
24
72
73
64
71
68
63
67
59
62
65
24
29
19
28
21
32
4
5
79
67
71
74
70
61
61
52
51
55
12
7
6
7
5
4
6
5
68
68
65
69
49
57
54
54
50
25
22
26
13
22
13
9
9
3
8
62
66
68
57
58
64
68
70
64
67
46
41
33
31
39
32
27
25
18
23
72
72
63
64
69
62
69
58
61
67
28
28
25
24
23
32
4
6
76
64
65
71
67
58
58
49
50
52
15
10
7
8
6
10
12
9
115
65
62
66
52
53
53
51
47
24
22
22
17
19
21
17
15
8
16
60
104
65
54
56
55
65
67
62
65
44
39
33
29
39
31
28
29
20
22
72
69
61
70
67
59
59
55
58
56
23
27
24
23
22
30
10
4
80
68
72
70
69
62
62
53
53
56
20
19
17
12
14
6
11
9
74
69
66
70
52
58
56
55
51
32
28
34
23
32
16
16
15
8
15
68
67
68
59
57
64
69
72
61
64
43
38
33
33
41
32
30
30
25
27
71
73
72
69
67
68
68
59
63
66
29
33
32
28
26
38
15
16
82
68
71
78
71
64
64
55
53
58
19
18
11
10
10
5
8
5
71
71
68
72
51
59
58
57
53
32
28
28
18
26
15
11
13
4
10
63
69
70
60
57
66
71
74
63
66
45
40
32
33
39
34
26
27
22
23
72
111
74
69
68
65
70
61
66
69
27
32
24
30
24
36
10
10
81
66
73
76
74
63
63
54
51
57
19
18
11
7
14
6
6
9
76
69
67
71
49
57
55
56
52
33
27
26
15
25
10
8
9
3
6
64
68
73
59
60
64
70
72
66
69
48
43
35
36
41
31
29
25
21
25
75
74
66
74
71
64
69
60
64
67
30
29
32
24
27
37
16
11
80
68
72
75
71
62
62
53
54
56
19
18
10
11
11
9
4
12
70
69
66
70
53
57
56
55
51
31
26
31
19
29
16
11
11
5
11
64
110
69
58
57
66
69
71
63
66
45
40
34
32
34
31
28
26
21
26
72
73
67
71
68
64
70
60
62
62
27
29
24
27
24
37
13
11
25
25
23
29
27
38
37
38
34
36
60
62
62
62
62
64
64
66
63
12
22
19
34
30
32
30
35
59
55
67
61
56
73
72
68
65
70
34
77
33
38
34
31
30
33
34
36
52
49
53
51
51
60
58
67
60
59
28
27
30
31
29
27
31
31
31
28
55
57
54
59
53
85
64
61
27
23
19
23
24
30
34
34
32
34
54
55
56
56
56
58
58
59
57
7
5
9
36
17
22
25
28
56
49
57
57
51
65
66
64
59
64
27
28
27
32
28
22
22
21
28
27
47
39
47
42
39
54
52
61
55
53
25
24
22
22
26
22
29
26
27
27
43
51
48
53
47
81
52
55
29
18
15
19
20
25
27
29
27
29
51
52
53
53
53
55
55
56
54
19
8
11
32
13
19
21
25
52
46
51
54
47
64
63
61
56
61
23
24
24
26
22
24
24
23
24
26
43
42
44
39
36
51
49
58
52
50
21
20
20
20
22
18
25
22
29
22
40
48
45
50
44
78
49
52
33
19
18
23
19
27
29
25
23
24
49
51
49
49
49
54
53
53
51
21
8
11
21
10
13
16
23
47
44
54
48
42
58
57
56
50
56
28
25
24
27
21
28
24
27
28
30
37
37
41
38
41
48
43
55
47
47
22
19
24
25
21
21
21
25
28
22
42
43
47
47
43
72
54
49
36
24
28
31
32
24
21
18
12
17
35
36
37
37
37
39
39
40
38
35
25
26
30
13
14
8
11
34
30
43
38
34
48
47
45
40
45
27
27
33
23
22
20
27
25
14
20
27
23
26
25
22
35
33
42
36
34
32
29
26
27
31
25
20
18
24
18
29
32
29
34
28
62
38
36
43
30
29
32
34
30
29
25
17
21
55
57
55
55
55
59
59
59
55
78
28
28
29
26
15
18
22
45
50
62
54
50
65
63
62
56
62
24
24
27
15
15
31
32
32
31
37
36
31
43
40
40
53
47
59
53
51
30
28
31
29
30
30
29
25
34
27
46
45
49
50
45
69
57
54
44
27
31
36
29
21
25
19
9
11
42
44
43
43
43
46
47
49
45
25
23
17
18
14
10
10
19
33
33
47
41
34
53
52
48
44
50
28
77
32
21
22
33
33
37
26
32
31
24
39
37
35
47
42
49
46
41
35
32
34
34
29
33
30
30
34
30
36
38
43
40
36
59
48
44
35
25
29
34
29
19
16
12
13
15
47
47
50
50
44
50
54
54
51
30
23
20
23
15
7
11
12
51
46
54
49
44
60
58
57
51
57
24
22
28
20
17
23
33
35
24
26
32
32
39
37
36
48
43
50
47
42
33
30
30
30
27
27
27
24
26
26
37
39
44
41
37
57
49
45
46
27
35
70
32
23
19
13
9
12
35
40
38
38
38
39
41
42
40
31
24
24
28
10
6
7
7
39
34
42
37
36
48
46
45
39
45
25
69
24
19
23
25
35
33
22
27
20
17
28
23
21
36
31
38
35
30
78
72
26
26
74
29
27
27
26
28
25
27
32
29
25
53
38
33
62
50
54
57
54
45
44
35
36
38
13
12
18
18
16
21
18
19
16
110
51
48
47
38
37
36
35
31
1
18
16
7
24
25
21
19
24
54
99
51
44
43
49
54
53
44
47
26
24
21
12
23
19
16
26
17
20
108
55
56
52
53
53
53
43
48
51
13
17
16
17
13
43
19
18
86
75
77
81
80
70
69
59
60
62
37
34
45
40
40
43
41
41
38
135
75
76
76
62
63
62
61
57
37
38
40
35
45
43
42
41
39
76
124
75
69
66
74
79
78
72
75
54
49
44
43
49
48
46
51
41
42
81
79
81
80
77
78
78
68
73
76
41
43
40
43
38
60
43
40
59
52
54
54
56
47
46
35
35
35
10
7
12
10
9
12
12
13
12
112
50
53
49
39
38
37
34
32
9
1
6
7
19
15
13
10
16
55
101
50
46
45
51
56
55
52
50
35
25
22
19
24
21
16
22
14
15
55
53
58
58
55
55
55
45
50
53
16
14
13
16
15
37
14
13
67
55
59
62
58
49
49
40
41
43
7
3
3
4
3
7
6
7
6
56
56
53
57
42
44
43
42
37
15
9
17
10
14
14
13
6
11
50
54
56
45
46
46
56
58
52
55
34
29
24
19
29
24
16
26
11
13
63
60
52
52
57
50
50
46
49
47
16
20
17
16
17
31
7
5
57
52
51
52
56
47
46
35
35
34
10
15
12
12
11
13
12
15
14
61
50
53
47
41
38
37
34
32
13
7
14
13
21
18
18
11
17
49
50
50
46
45
51
56
55
51
54
33
28
22
18
22
20
15
22
12
14
55
53
58
58
56
55
55
45
50
53
16
16
12
14
15
37
15
13
83
68
75
78
72
65
65
56
53
58
15
14
8
7
9
7
6
3
3
78
71
69
73
51
59
57
58
54
28
25
28
18
26
1
1
1
1
62
106
71
61
58
66
72
74
64
67
46
41
33
34
37
29
27
25
20
22
73
72
75
72
69
66
71
62
66
69
28
30
27
25
25
33
10
10
86
71
75
81
77
68
68
59
56
62
20
19
12
12
14
8
11
9
8
132
74
72
76
54
62
60
61
57
33
28
31
20
29
13
6
6
7
67
73
75
64
63
69
75
77
69
72
51
46
38
39
42
33
31
30
25
25
77
80
70
75
74
69
74
65
69
72
33
34
32
29
30
38
15
15
84
69
76
79
75
66
66
57
54
60
19
18
10
10
13
7
9
6
6
79
72
70
74
52
60
58
53
55
32
29
28
18
27
8
4
4
4
65
110
74
62
61
67
73
75
67
70
49
44
36
37
40
33
30
28
23
24
76
79
68
75
72
67
72
63
67
70
31
33
30
29
28
39
14
13
80
65
72
75
71
62
62
53
50
56
15
14
7
7
9
6
9
8
8
75
68
66
70
48
56
54
49
51
28
22
25
20
23
15
11
10
10
61
106
70
58
57
63
69
71
63
66
45
40
32
30
39
33
26
27
23
23
114
108
64
71
68
63
68
59
63
66
27
29
26
27
24
39
10
10
87
72
76
82
73
69
69
60
57
63
22
16
9
8
15
11
12
11
11
133
70
73
77
55
63
61
52
58
30
30
31
18
30
10
7
5
2
68
74
72
65
64
65
76
78
70
73
52
47
39
37
41
38
33
31
26
26
78
81
71
71
75
70
70
67
70
73
31
34
31
32
31
40
12
14
23
17
16
19
21
19
21
18
15
16
48
50
48
48
47
51
52
54
48
18
13
16
15
23
10
14
20
24
45
43
54
46
42
56
56
54
49
55
9
9
16
8
13
18
17
19
23
33
26
36
34
39
45
41
51
46
43
15
14
15
11
12
12
13
20
20
14
38
40
41
42
37
69
51
46
22
10
14
18
13
14
23
23
12
17
53
55
53
53
53
56
57
59
55
15
8
12
9
19
13
19
16
28
43
48
61
52
48
61
61
60
54
60
8
6
11
12
14
14
15
18
21
39
31
40
40
44
50
45
56
51
51
13
12
8
8
14
10
13
19
18
10
46
42
46
45
45
63
57
53
72
62
57
12
57
14
70
19
57
62
98
100
98
98
98
101
102
104
100
60
53
57
54
64
9
12
61
73
88
93
106
97
93
106
106
105
99
105
6
58
11
10
59
64
62
15
66
33
80
85
35
89
95
90
101
96
96
55
58
13
56
53
55
11
15
63
8
37
87
91
90
37
98
102
45
28
22
21
23
23
15
23
17
14
13
43
47
43
43
43
46
49
49
46
20
17
17
19
18
6
13
13
24
40
38
49
44
40
54
53
51
46
51
16
17
11
8
22
23
22
22
26
32
25
34
32
34
41
39
50
42
42
21
18
19
16
20
15
15
17
23
16
33
38
36
41
34
64
50
45
29
17
21
25
20
19
18
14
11
10
46
48
46
46
46
50
50
52
46
24
17
21
18
18
7
7
15
16
41
41
53
45
40
54
54
53
47
53
10
14
15
9
22
22
22
21
26
29
22
34
31
38
44
38
50
44
42
20
20
21
22
17
20
16
16
21
13
37
36
40
41
36
66
46
45
23
8
13
16
18
20
26
23
21
20
50
52
50
50
50
55
54
54
52
19
16
16
18
22
20
23
15
28
53
45
60
49
46
58
58
57
51
57
19
20
22
25
19
16
12
7
15
33
31
42
39
44
49
42
56
48
48
18
18
19
18
20
13
7
10
10
5
43
44
48
46
44
71
55
50
11
11
11
17
16
17
22
21
18
18
47
50
49
49
49
53
52
54
50
11
14
12
14
26
17
24
21
24
48
43
52
50
44
58
59
57
52
57
13
11
14
19
17
10
10
13
12
36
32
40
36
39
47
45
53
48
48
8
11
7
10
13
5
6
8
10
7
36
42
42
43
36
74
48
48
18
12
13
18
19
20
27
23
18
22
50
54
52
52
52
54
56
56
54
13
16
14
16
26
18
18
21
29
46
47
50
51
46
60
60
59
53
59
16
14
18
22
13
6
3
13
14
33
33
43
38
37
50
44
56
50
51
9
14
10
13
16
2
6
7
8
5
39
45
44
46
39
77
48
51
24
14
19
19
23
26
28
26
15
19
43
49
47
47
47
50
51
51
49
24
22
21
26
13
21
19
21
18
47
42
49
46
43
55
55
54
48
54
27
21
24
20
18
6
16
18
11
32
31
34
31
38
44
39
49
45
44
24
24
21
24
23
13
10
6
9
7
32
36
40
39
32
70
45
44
20
13
20
26
22
22
18
20
11
19
45
45
43
43
43
46
47
49
45
24
26
24
21
21
15
15
17
20
42
38
52
43
39
53
52
50
45
50
28
24
26
25
18
10
19
19
8
30
23
33
31
31
40
38
48
41
40
27
26
25
28
24
15
9
5
5
5
35
37
36
39
35
64
48
43
40
28
32
35
31
22
24
16
14
16
19
21
20
20
20
24
23
25
21
36
29
28
30
17
17
16
15
11
19
17
22
18
16
28
28
28
23
28
31
27
29
21
20
28
31
31
27
28
12
12
8
13
18
13
30
17
21
36
33
33
33
31
30
30
30
31
33
12
16
15
18
14
39
20
22
45
34
37
37
36
31
31
22
20
20
22
26
25
25
25
28
28
31
27
39
32
35
36
22
20
19
22
19
23
22
29
27
23
35
33
33
26
32
36
82
30
28
19
26
36
36
23
26
16
17
13
16
23
19
27
22
22
37
37
34
33
35
34
33
26
31
29
12
21
19
17
12
48
25
22
45
40
39
40
44
40
38
28
28
27
22
21
24
24
23
24
26
27
25
43
43
46
37
28
31
30
26
25
24
19
30
23
16
33
32
30
27
32
39
94
38
35
34
42
44
43
40
46
17
20
17
13
17
19
23
20
18
43
41
41
48
43
43
43
38
43
46
10
12
13
12
10
44
23
18
55
44
44
48
46
39
38
29
28
30
19
24
22
22
21
23
23
26
20
52
43
44
46
30
31
32
31
27
13
14
22
23
18
31
29
29
22
28
46
41
40
37
35
36
46
45
33
36
16
16
10
10
18
15
22
19
14
49
47
44
41
45
45
40
35
38
41
4
10
9
13
7
39
17
14
55
43
44
49
42
37
39
28
26
31
20
25
23
23
22
26
23
27
22
46
43
41
45
29
31
30
30
22
20
18
27
23
20
32
31
31
24
30
41
40
41
33
30
35
44
45
34
37
19
17
10
7
18
15
25
22
19
44
46
45
42
40
40
40
37
37
38
11
14
13
17
8
46
21
20
56
44
48
51
47
38
38
29
30
32
10
11
9
9
9
12
12
13
11
101
45
42
46
29
33
32
31
27
10
8
16
9
9
19
17
17
10
16
45
90
45
35
34
40
45
47
39
42
21
16
15
10
15
11
13
8
5
48
49
47
47
44
44
44
35
39
42
5
2
6
3
6
32
11
8
56
48
48
51
52
43
42
31
31
32
11
10
15
15
11
13
13
15
13
57
46
49
46
32
34
33
31
28
12
13
14
10
8
20
19
17
13
18
45
46
46
40
39
42
52
49
45
48
27
22
14
12
17
10
17
8
6
52
49
54
53
50
51
47
38
46
45
8
11
9
7
7
31
10
13
116
104
108
106
105
98
98
89
89
92
71
70
72
68
68
59
65
64
62
105
105
102
106
87
94
92
91
87
67
63
74
67
64
74
67
67
66
71
95
103
104
94
91
100
105
108
97
100
79
74
66
64
71
68
60
52
64
106
105
108
105
102
99
104
95
102
105
61
65
63
63
58
68
72
67
67
52
100
55
54
48
47
37
37
40
16
18
14
19
19
7
13
12
10
60
53
54
54
38
42
40
39
35
15
15
17
17
12
15
16
16
14
15
54
51
52
45
43
48
56
56
45
48
27
25
20
17
22
16
14
9
8
57
55
56
53
53
56
52
43
50
53
10
13
11
11
6
38
20
15
62
51
53
60
53
46
45
35
36
38
17
16
15
17
17
13
12
13
13
60
51
52
52
36
39
38
37
33
13
14
14
18
13
22
20
19
14
19
52
100
52
45
41
48
55
54
45
48
27
22
17
14
16
13
13
22
8
55
57
56
51
51
54
52
43
49
52
12
10
11
6
9
43
18
15
28
24
24
27
30
29
37
32
27
30
65
67
65
65
65
68
69
69
67
23
21
25
26
31
26
26
28
40
55
60
73
64
60
75
73
72
66
72
22
24
21
26
26
28
27
27
32
33
52
45
52
56
56
62
57
68
63
63
13
16
17
17
23
21
25
31
24
58
54
58
57
58
79
69
64
19
13
16
20
13
20
25
26
63
24
58
60
58
58
58
61
62
62
58
17
17
15
18
24
16
25
21
33
90
53
108
57
95
66
66
65
60
65
11
13
19
16
19
19
18
17
23
24
39
34
45
43
50
55
50
61
56
57
3
10
10
16
12
13
22
20
13
49
47
52
50
48
72
60
56
17
8
9
12
17
11
17
16
11
14
48
50
48
48
48
51
52
54
50
14
8
12
11
19
12
15
16
23
41
43
55
47
43
58
56
55
49
55
6
4
15
11
10
12
14
13
13
16
32
26
35
37
39
45
40
51
46
46
5
5
3
8
7
5
13
13
8
40
37
41
40
40
67
52
47
21
10
9
13
14
16
24
20
15
23
52
54
52
52
52
55
56
56
54
12
11
9
13
22
16
20
18
27
44
47
59
51
47
62
60
59
53
59
10
11
17
17
14
13
11
10
18
19
37
30
39
41
43
49
44
55
50
47
8
4
6
4
11
10
16
14
7
42
41
45
46
42
70
55
50
29
19
18
22
17
22
27
27
22
26
54
56
54
54
54
57
58
60
56
17
19
17
18
30
21
27
27
29
52
49
62
54
49
64
63
61
56
61
18
15
20
20
21
18
18
23
19
22
41
36
44
45
45
51
49
58
52
52
11
16
12
9
19
13
18
19
14
46
48
47
50
46
78
58
54
19
14
13
20
16
22
28
28
20
24
53
58
56
56
56
57
60
62
58
17
16
14
18
23
22
25
20
26
47
51
60
55
52
64
64
63
57
63
17
16
20
23
20
10
13
15
15
17
37
36
44
44
47
54
48
56
53
48
16
14
17
17
16
7
15
12
6
43
45
50
47
43
73
56
51
30
21
22
25
25
28
33
32
28
28
62
62
65
65
60
68
62
71
61
25
26
24
27
34
25
29
27
32
63
60
69
60
57
70
70
68
66
72
20
22
27
28
24
14
24
21
19
26
47
43
51
46
48
63
55
64
59
59
22
19
23
26
21
11
12
16
7
52
54
52
56
52
85
59
60
28
30
28
34
30
32
37
39
33
32
60
59
58
58
58
61
61
63
63
32
34
32
36
31
34
35
26
36
57
52
67
59
53
69
68
66
61
66
27
32
34
31
31
18
27
29
18
26
45
38
49
49
46
56
54
63
57
55
34
31
33
36
37
19
19
15
10
50
52
51
54
50
79
63
58
27
22
21
21
26
28
31
26
23
25
51
57
55
55
55
58
59
59
54
27
21
24
25
22
27
27
25
27
54
50
58
54
49
63
63
62
56
62
25
24
29
24
26
16
20
18
10
12
38
32
42
40
43
52
47
55
53
50
24
22
23
23
24
12
10
9
7
41
44
48
45
41
76
54
50
32
23
24
27
27
30
36
35
30
31
62
63
61
61
61
66
65
65
63
28
27
25
30
32
28
28
27
34
58
56
69
60
59
70
69
68
62
68
23
25
26
33
21
15
25
21
17
23
46
43
53
48
54
63
55
65
59
57
24
21
26
27
22
11
7
8
13
52
54
59
56
52
81
65
60
61
49
50
52
51
45
44
34
35
37
19
22
21
21
19
23
24
27
24
108
50
50
51
35
36
39
36
32
24
16
26
20
20
30
29
28
22
29
51
97
46
42
40
42
51
50
39
42
21
21
16
12
16
16
13
23
19
15
54
99
50
47
50
51
46
44
44
47
11
9
13
4
41
19
17
54
44
46
49
48
39
38
27
28
30
13
16
15
15
14
17
19
18
16
104
43
45
44
30
31
30
29
25
13
7
15
13
9
24
24
20
18
23
44
93
45
35
34
41
48
48
40
43
21
17
10
12
13
11
12
17
10
9
49
47
50
48
45
47
46
34
42
45
7
9
3
6
32
16
13
67
52
94
60
53
49
48
37
37
36
18
20
20
20
18
19
19
21
16
54
52
55
48
35
40
39
36
34
21
15
20
20
14
28
26
25
20
26
48
94
52
44
39
48
56
56
45
48
27
22
15
12
21
18
12
20
15
12
102
96
56
51
50
57
52
44
50
52
6
10
10
3
32
10
7
57
49
49
52
53
44
43
32
32
33
16
15
14
14
11
16
17
20
18
58
47
50
47
35
35
34
32
29
11
12
14
12
9
21
22
22
18
22
47
47
49
43
39
45
53
52
45
48
26
22
12
11
18
9
8
16
11
7
54
50
55
53
50
52
50
38
47
50
8
5
3
5
33
9
13
65
50
95
58
51
49
48
37
35
36
17
20
19
19
16
20
21
24
23
55
51
54
49
33
40
38
35
34
20
15
22
17
16
28
27
25
19
26
49
47
50
41
38
45
54
52
43
46
25
20
19
10
18
16
12
20
15
13
103
55
54
51
48
53
50
39
48
48
5
11
6
9
38
17
13
86
87
86
86
90
82
81
70
70
69
45
44
32
34
39
33
33
34
31
96
85
88
79
74
73
72
69
67
47
50
50
42
52
40
38
38
31
37
90
85
84
81
79
79
91
90
73
80
60
60
55
52
53
54
51
53
48
49
93
88
84
85
89
90
83
80
85
88
46
51
40
50
43
26
23
83
71
72
78
74
65
65
56
57
59
24
23
14
16
17
15
17
16
13
75
72
69
73
56
60
59
58
54
35
36
37
25
35
27
24
23
15
18
69
115
72
61
60
65
72
74
66
69
48
43
36
35
44
37
32
35
29
32
75
76
72
74
71
69
73
62
65
67
30
34
30
31
25
35
9
79
71
71
74
74
66
65
54
54
55
29
28
19
15
21
20
19
19
18
80
69
72
69
58
57
56
54
51
31
37
34
25
31
28
24
22
16
23
74
69
69
65
63
70
75
74
62
65
44
44
39
39
49
38
35
38
33
34
77
72
77
71
73
74
69
64
69
72
35
39
35
34
30
26
5
