4
3
7
6
14
18
18
9
14
44
45
46
46
46
48
48
49
47
4
1
4
4
13
10
7
9
18
36
39
43
45
40
54
54
53
47
53
6
7
11
12
10
6
5
4
10
11
32
25
33
32
29
43
38
49
44
42
8
5
4
6
5
5
6
10
8
7
33
35
38
38
33
46
42
45
12
13
15
19
21
24
27
17
21
50
52
52
52
52
54
54
56
53
8
14
16
8
24
11
18
19
24
44
45
49
53
47
62
62
61
56
60
7
15
16
15
11
10
13
15
11
18
38
33
43
38
35
50
49
56
51
50
18
14
14
17
12
8
4
3
9
4
39
45
44
46
39
54
48
51
1
1
4
3
10
15
15
7
13
44
46
44
44
44
47
48
50
46
1
3
1
5
10
9
5
7
19
34
39
47
43
39
52
52
51
45
51
3
-37
10
11
7
3
6
5
10
11
33
29
31
35
33
41
36
47
42
42
6
3
3
6
4
2
3
8
5
4
37
33
37
36
37
44
46
44
6
5
4
5
7
13
13
8
11
42
43
44
43
44
44
46
46
45
5
5
6
4
15
9
10
12
15
36
37
41
44
36
54
54
52
47
51
6
5
5
10
9
5
7
4
11
9
27
25
33
30
25
40
38
47
43
41
6
4
6
4
6
5
2
8
6
3
30
37
34
36
29
46
40
42
1
1
2
3
6
14
-27
7
6
36
37
38
38
38
40
40
43
39
1
1
5
1
10
4
5
12
10
30
31
35
39
32
49
48
46
41
46
3
-39
3
6
6
4
2
4
9
11
25
21
29
24
21
36
34
42
37
37
4
1
1
4
5
1
6
3
8
3
25
31
30
32
25
52
34
37
3
7
3
3
8
5
4
4
3
33
34
35
35
35
37
37
38
36
14
6
4
3
7
2
8
8
7
27
28
32
36
32
46
45
43
38
43
8
3
2
6
4
8
8
7
7
16
19
18
26
21
18
33
30
39
34
34
11
5
2
3
7
7
7
7
15
8
22
29
27
29
22
38
31
34
5
9
8
5
10
2
2
1
2
33
35
33
33
33
38
37
39
35
14
9
6
9
7
1
3
6
8
28
28
33
32
29
41
41
40
34
40
5
5
9
8
2
10
12
9
9
12
14
17
25
22
19
32
25
37
31
29
13
7
4
5
9
9
9
9
13
10
22
26
27
28
22
33
31
32
12
13
15
12
17
9
11
1
3
30
31
32
32
32
34
34
35
33
23
16
20
12
6
4
6
2
4
24
25
29
33
29
43
42
40
35
40
11
-37
11
8
7
16
17
16
16
17
16
14
23
18
15
30
27
36
31
31
20
14
11
12
16
16
18
17
15
17
19
25
24
26
19
35
28
31
57
41
46
43
42
38
38
33
21
57
63
59
59
59
61
65
62
62
45
44
42
43
30
24
25
31
35
51
52
56
60
56
70
69
67
62
67
43
41
37
38
29
47
48
-2
42
37
51
42
50
48
51
57
55
64
58
56
51
45
42
45
47
47
44
42
42
41
46
54
51
56
46
83
64
60
18
20
18
18
21
15
17
7
1
30
31
32
32
32
34
34
37
33
21
19
19
13
9
2
3
6
4
24
25
29
33
26
43
42
40
35
40
18
18
16
12
8
21
23
22
21
16
19
15
23
18
15
30
28
36
31
31
22
20
17
18
22
22
20
21
21
21
19
25
24
26
19
44
28
31
41
42
44
40
45
37
36
25
25
24
1
3
2
3
4
6
7
3
51
40
41
34
29
26
27
24
22
4
4
5
2
2
11
12
10
5
10
44
1
39
36
34
34
46
44
28
35
15
15
10
13
14
9
7
15
10
8
48
42
39
40
44
45
38
35
40
43
8
10
2
8
5
12
5
1
52
53
55
52
57
48
47
36
36
35
9
5
4
4
6
6
7
4
62
51
54
45
40
39
38
35
33
14
12
14
10
13
15
13
13
6
12
57
51
51
47
46
52
57
56
46
46
26
26
21
25
26
21
18
23
18
17
56
54
57
58
56
56
56
46
51
53
17
21
14
16
14
6
7
6
54
58
54
54
58
50
49
38
40
37
10
5
3
2
3
3
6
3
18
55
56
47
44
41
42
37
35
15
14
20
11
15
10
8
8
1
9
58
16
53
49
47
49
59
58
41
48
28
28
23
23
31
22
19
24
19
18
61
56
61
53
57
58
53
48
52
50
19
23
18
18
16
7
2
1
49
50
49
49
54
45
44
33
33
32
8
7
1
2
2
2
3
4
59
48
51
42
37
34
35
32
30
12
9
13
10
10
10
9
7
1
8
53
48
48
44
42
42
54
53
36
43
23
23
18
22
22
17
15
23
16
16
56
51
56
56
52
53
46
43
48
43
14
18
10
16
13
8
3
3
54
55
57
54
59
50
49
38
38
37
12
8
7
7
5
8
11
5
14
53
56
47
41
41
39
37
35
16
13
18
9
15
16
14
14
8
13
57
12
53
49
46
54
59
58
40
47
27
27
22
26
26
21
19
22
17
20
58
56
60
52
56
58
58
48
53
56
20
22
14
20
17
14
5
4
64
65
64
69
68
60
59
48
48
47
20
15
7
12
12
5
9
8
69
63
66
57
51
49
50
47
45
25
27
25
20
22
15
13
13
6
12
59
63
62
58
55
57
69
67
51
58
38
38
30
31
34
32
24
28
16
25
70
65
62
63
66
63
61
58
62
60
25
30
22
27
22
20
12
10
59
62
62
58
63
55
54
43
44
42
14
9
5
6
6
2
4
1
69
58
61
52
48
45
45
42
40
19
19
24
15
21
11
9
8
1
7
61
58
57
54
52
52
64
62
46
53
33
33
28
28
30
27
25
23
18
23
66
24
57
60
62
63
56
53
56
54
24
26
21
21
21
12
7
4
59
62
59
59
60
55
54
43
44
42
12
7
2
5
7
5
4
3
63
59
61
52
48
45
46
42
40
17
16
24
15
20
9
7
6
1
5
60
58
54
54
49
53
64
63
43
50
30
30
25
25
29
27
22
23
20
19
63
61
65
55
59
63
57
53
56
54
21
28
17
23
18
9
4
8
60
61
60
60
64
56
55
44
44
43
16
11
6
8
9
5
3
5
69
59
62
53
48
47
46
43
41
21
24
23
18
20
12
10
11
3
10
61
16
59
55
53
53
65
64
47
54
34
34
29
29
33
28
26
22
17
18
67
62
64
59
63
63
57
53
59
60
24
27
21
23
22
13
8
7
19
23
22
26
24
33
29
33
22
32
60
61
60
60
60
63
64
65
62
11
17
13
26
19
19
23
35
50
50
58
59
54
68
68
67
61
67
25
-15
32
31
31
24
26
23
31
30
43
45
47
48
45
57
52
63
58
58
20
25
25
25
22
25
20
25
29
21
49
49
53
52
50
62
58
60
16
13
11
17
12
23
20
23
11
20
48
50
48
48
48
51
52
54
50
6
4
4
14
10
9
11
23
38
43
53
47
43
58
56
55
49
55
15
16
22
21
22
21
21
20
26
24
34
39
35
39
39
45
40
51
46
46
16
13
18
18
10
15
15
19
24
16
43
37
41
40
38
48
52
48
12
16
13
19
14
22
20
18
6
15
43
45
43
43
43
46
47
49
45
8
2
4
9
9
4
6
18
33
38
50
42
38
51
51
50
44
50
17
18
23
24
22
17
17
16
23
23
31
28
30
34
34
40
35
46
41
41
18
15
18
18
12
17
17
21
20
19
38
32
36
35
33
43
47
43
11
14
13
18
18
21
16
22
9
19
45
46
47
47
47
49
49
52
48
9
6
9
20
6
7
11
19
36
40
45
48
41
57
57
55
50
55
17
18
24
19
21
16
20
15
23
22
30
30
38
33
30
48
41
51
46
46
20
19
17
17
16
17
21
17
23
18
34
42
39
42
35
49
43
46
25
17
25
25
26
19
20
14
2
7
34
36
34
34
34
37
38
40
36
22
20
21
12
8
6
7
9
29
29
34
33
30
42
42
41
35
41
23
20
17
14
22
15
26
23
12
18
22
20
21
23
21
31
26
37
32
32
23
26
26
26
24
19
17
17
15
17
24
23
27
26
24
34
33
34
26
22
29
29
26
25
26
20
14
13
42
43
44
44
44
46
46
49
47
-23
17
20
11
19
12
14
16
43
37
41
45
38
53
54
52
47
52
18
21
18
13
14
23
31
30
30
31
34
27
35
33
27
42
40
48
43
43
28
27
27
26
25
28
26
25
29
26
31
39
36
38
31
55
42
43
23
27
23
23
28
20
20
14
2
11
32
33
34
34
34
38
36
37
35
24
17
17
13
10
8
6
6
29
30
31
34
28
43
43
42
37
42
23
-26
22
20
18
25
30
27
23
27
21
24
25
20
17
32
30
38
33
33
27
25
22
23
27
27
27
28
25
28
21
27
26
28
21
45
30
33
26
23
19
19
24
16
14
9
7
6
30
35
32
32
33
34
34
37
33
23
17
20
11
8
6
6
4
24
25
29
33
29
41
42
40
35
40
20
21
18
19
16
22
24
23
17
26
19
15
23
18
15
30
28
36
31
31
23
21
18
19
23
23
23
23
23
24
19
25
24
26
19
46
28
31
19
23
19
-13
24
15
14
9
3
2
26
27
28
28
28
32
32
33
29
23
18
21
12
8
6
5
2
20
21
25
29
22
37
38
36
31
36
23
-24
24
14
13
23
24
23
17
22
15
11
19
14
11
26
24
32
27
27
-21
-18
25
26
-20
23
23
24
25
24
15
21
20
22
15
34
24
27
49
50
49
49
52
44
44
33
33
32
11
10
8
8
8
11
11
14
13
0
48
46
43
34
37
29
33
30
1
8
7
5
20
16
19
9
15
42
-2
48
40
38
41
51
53
39
46
26
21
16
11
21
17
13
18
15
10
2
51
46
49
49
45
45
41
44
42
11
16
10
14
10
14
10
12
74
74
75
74
76
68
68
58
58
57
33
32
30
30
30
33
33
36
35
24
73
72
67
60
61
60
57
55
28
29
29
29
40
39
38
31
37
70
22
73
64
65
65
75
77
59
66
46
46
41
39
45
42
40
42
37
42
79
76
70
71
75
69
69
65
68
66
35
43
35
38
34
44
32
34
51
47
48
51
50
41
41
32
33
34
10
5
7
8
7
10
10
13
9
-3
48
45
44
33
36
35
34
30
8
1
4
2
16
15
11
8
10
44
-5
48
37
39
38
48
50
32
45
19
24
14
14
23
19
8
19
14
9
55
52
43
44
50
42
42
38
41
39
8
14
12
14
7
13
9
8
45
46
45
45
50
41
40
29
29
28
4
2
1
1
1
4
6
7
6
55
44
47
38
33
32
31
28
26
8
1
8
6
11
9
9
2
8
49
44
44
40
38
45
50
49
32
39
19
19
14
18
18
13
11
13
8
13
49
47
51
52
48
49
49
39
44
47
12
14
6
12
7
12
3
4
51
45
49
51
48
39
39
30
31
33
8
7
9
9
8
12
10
14
7
46
46
43
44
31
34
33
32
28
6
1
10
8
19
17
16
10
17
47
44
46
35
36
36
46
48
30
37
17
17
12
14
16
18
14
17
12
6
53
50
41
42
46
40
40
36
39
37
6
12
11
12
5
16
11
11
56
58
56
56
60
52
51
40
40
40
14
9
4
6
9
3
3
1
3
59
55
58
49
44
41
42
39
37
19
20
20
15
17
1
1
1
1
60
19
54
51
49
49
61
60
43
50
30
30
25
25
30
28
22
12
19
20
63
61
54
55
59
60
53
50
52
50
21
26
18
21
18
14
6
7
61
63
64
61
65
57
56
45
45
44
17
12
7
9
12
8
7
5
8
13
60
63
54
49
46
47
44
42
22
25
25
19
22
5
2
3
4
65
60
60
56
54
54
66
65
48
55
35
35
30
30
34
32
27
22
24
24
68
62
68
62
64
65
58
55
57
55
26
30
22
25
23
16
9
12
60
62
60
60
63
56
55
44
44
43
15
10
5
7
10
6
6
5
6
63
59
62
53
48
45
46
49
41
20
19
23
17
21
5
1
3
3
63
20
57
55
52
53
65
64
46
53
33
33
28
28
32
30
25
20
22
23
66
60
67
58
62
64
57
54
56
54
24
28
20
23
21
12
7
10
56
58
56
56
60
52
51
40
40
39
11
6
1
3
6
2
2
3
2
59
55
58
49
44
41
42
45
37
16
20
20
11
17
9
7
7
6
60
16
54
51
49
49
61
60
43
50
30
30
25
29
29
24
22
24
19
22
20
23
63
55
59
60
53
50
52
50
21
25
17
20
18
8
3
6
58
60
61
58
67
54
53
42
42
41
13
13
8
8
8
4
4
5
4
10
62
60
51
46
43
44
51
39
23
17
22
16
19
6
4
3
2
62
57
61
53
51
56
63
62
45
52
32
32
27
31
31
26
24
18
20
25
65
59
65
64
61
62
60
51
54
52
25
27
19
22
20
10
10
9
13
2
12
13
11
12
17
15
13
14
42
44
45
45
45
47
47
48
47
9
11
11
7
14
5
11
12
18
37
38
42
46
40
56
55
53
48
53
8
9
5
4
12
12
12
13
14
31
23
35
32
28
43
40
48
44
43
11
12
10
10
9
10
5
5
11
2
31
37
37
38
32
47
40
43
5
9
5
8
11
6
13
10
7
10
36
37
38
38
38
40
40
41
39
2
5
3
7
15
6
7
12
10
37
31
35
39
32
49
48
46
41
46
6
3
9
6
10
10
9
15
14
25
21
29
27
21
36
34
43
37
35
3
6
6
7
4
9
7
8
13
8
25
33
30
35
25
53
34
37
-43
-43
-40
11
-35
8
-35
11
-41
-38
-12
-11
-10
-10
-10
-8
-8
-7
-9
-46
-43
-45
-41
-33
7
8
-36
-38
-11
-17
-13
-9
-16
1
0
-2
-7
-2
6
-48
5
5
-38
-38
-39
12
-34
27
-27
-19
29
-27
-12
-14
-5
-11
-13
-39
-42
4
-39
-37
-39
4
6
-35
5
30
-15
-18
-13
30
15
-14
42
18
7
14
15
14
14
19
13
5
11
41
40
43
43
42
45
43
46
42
18
13
15
11
9
2
11
12
11
35
36
40
41
35
51
51
49
44
50
12
14
10
8
12
17
17
18
16
26
18
30
27
26
40
35
43
41
38
13
17
12
15
12
15
14
10
14
11
30
32
35
33
28
46
35
38
19
12
20
15
20
15
18
11
5
9
39
40
41
41
41
43
43
44
44
14
16
14
15
15
3
6
4
13
35
34
38
42
36
52
51
49
44
49
4
10
9
6
9
22
19
15
24
27
22
32
30
24
39
37
45
40
40
17
14
15
12
16
18
12
15
19
13
28
36
33
35
28
46
41
40
10
8
13
13
12
20
25
21
16
20
44
45
46
46
46
48
48
51
47
14
12
14
16
19
16
17
14
18
38
39
43
47
43
57
56
54
49
54
12
14
16
13
11
10
10
6
13
31
26
37
32
29
47
42
50
45
45
16
13
15
14
15
4
4
3
8
2
33
40
38
42
33
50
42
45
8
6
5
5
5
12
20
20
12
17
45
48
48
48
48
49
51
52
50
10
4
8
10
15
14
10
12
21
39
42
46
47
43
58
56
55
49
55
8
8
13
10
10
2
2
8
9
30
23
36
35
32
46
40
48
45
40
6
5
7
6
7
1
6
7
8
3
35
37
41
39
35
44
45
43
4
3
3
3
3
10
16
18
11
13
43
44
45
45
45
49
47
50
46
9
2
6
11
16
14
17
12
17
44
38
49
46
44
56
55
53
48
53
6
6
11
8
10
2
2
6
7
28
21
36
34
35
44
41
46
44
38
6
3
9
4
5
1
4
6
4
4
33
35
40
37
33
42
46
41
16
12
13
19
18
14
19
17
15
18
42
39
40
40
40
42
42
45
41
20
17
20
22
13
14
14
8
17
32
33
42
41
37
51
50
48
43
48
15
20
22
19
17
4
14
11
7
27
20
31
31
23
38
36
45
39
37
21
18
20
19
23
7
5
6
3
6
32
34
32
36
32
41
41
40
19
13
13
13
18
19
17
17
11
13
37
41
42
42
42
44
44
45
43
19
12
16
18
9
11
13
13
14
34
35
36
42
37
51
51
50
44
50
13
16
21
10
17
5
8
10
3
26
20
30
29
25
40
35
43
41
38
16
13
15
14
18
8
4
5
3
4
26
32
34
33
26
44
35
38
26
27
26
26
31
22
21
13
10
9
18
16
19
19
19
19
21
23
21
29
25
26
19
14
13
12
9
7
19
14
20
18
15
27
27
25
20
26
24
25
25
18
20
19
29
30
13
20
6
8
6
8
16
11
18
16
10
30
28
24
25
30
23
23
17
22
20
9
7
11
9
5
19
18
13
31
30
31
32
31
28
26
20
15
19
21
23
23
23
24
25
27
26
24
31
31
31
25
13
19
19
13
16
22
21
26
24
17
32
33
32
26
31
21
-22
26
19
17
26
34
33
22
26
7
15
9
15
22
18
25
22
17
34
31
30
29
28
30
28
19
26
28
10
14
15
16
10
21
19
20
39
33
37
39
36
27
27
18
19
21
13
15
13
13
13
16
16
19
15
43
34
31
35
24
22
21
20
16
8
8
11
12
13
21
22
22
14
20
34
-19
34
23
24
24
34
36
18
25
5
5
4
4
11
5
16
11
10
41
38
38
32
36
28
28
24
27
25
4
2
8
9
9
13
14
18
41
40
44
41
41
38
38
27
25
27
12
13
14
14
15
18
16
17
15
41
42
42
35
23
28
27
26
24
13
13
19
14
8
23
24
22
17
22
31
39
40
33
27
35
44
44
29
36
15
10
8
9
13
10
18
13
13
42
41
40
41
38
39
39
34
38
36
1
9
7
8
1
18
10
13
36
37
39
36
41
32
31
26
20
19
19
20
21
21
21
23
23
26
20
42
35
38
29
20
21
22
19
17
17
16
21
22
13
31
30
29
23
29
32
35
35
31
28
34
41
40
29
36
16
11
8
6
15
15
24
18
16
43
38
35
36
39
38
38
32
35
35
4
12
11
12
8
20
15
18
40
41
40
40
45
36
35
24
24
23
5
6
7
7
8
9
11
12
8
-6
39
42
33
29
27
26
23
21
7
6
7
8
7
16
17
16
10
15
37
-8
39
34
33
35
45
44
29
36
16
15
8
9
11
4
9
4
1
48
42
40
40
44
39
39
34
38
36
1
1
4
3
1
9
10
8
47
44
47
47
47
38
38
29
30
30
7
8
8
8
8
11
12
14
12
45
45
42
40
32
33
32
30
27
8
3
9
7
4
16
17
17
11
17
44
43
43
35
35
38
45
48
29
36
16
16
11
12
15
7
11
6
6
50
49
40
41
45
39
42
35
38
40
4
6
1
1
1
8
9
5
53
53
53
56
55
49
48
37
37
36
18
17
12
17
17
16
13
12
13
61
52
55
46
39
38
39
36
34
16
17
17
21
19
11
11
16
11
12
55
50
49
48
44
44
58
54
38
45
25
25
20
17
19
16
16
4
3
58
56
49
50
54
57
48
46
47
45
9
13
10
9
8
42
14
15
49
52
8
54
53
46
46
36
36
35
11
6
13
8
8
5
10
10
8
53
51
50
45
35
37
38
35
33
15
11
17
7
11
14
15
15
9
15
43
49
48
43
39
43
54
53
37
44
24
22
14
12
18
16
8
5
5
54
53
48
49
50
47
47
43
46
44
9
10
7
6
5
16
10
12
50
50
51
47
52
44
44
34
34
33
11
15
13
13
14
9
11
13
12
51
49
48
43
35
37
36
33
31
13
7
12
13
6
16
17
17
12
17
43
-2
46
40
39
41
51
53
35
42
22
22
16
14
16
12
7
8
6
54
49
46
49
50
45
45
41
44
42
6
10
7
5
5
10
12
9
22
18
17
21
14
21
26
28
23
25
52
53
54
54
54
56
56
59
55
15
18
16
16
31
22
26
28
26
53
47
51
55
48
63
64
62
57
62
17
14
17
19
22
19
17
18
23
26
40
37
45
40
37
52
50
59
53
51
12
11
17
14
18
19
24
22
16
41
49
46
51
41
65
50
54
13
11
5
8
13
14
22
17
-28
15
45
46
47
47
46
49
49
52
49
10
3
7
3
24
9
10
20
19
2
40
0
47
-3
58
57
54
49
55
8
9
6
11
11
10
8
8
12
15
37
29
38
35
29
45
43
52
46
43
2
4
5
3
9
9
6
12
7
33
42
38
44
33
58
44
47
9
7
6
10
3
10
15
14
11
10
40
41
42
42
42
44
44
45
43
6
7
5
6
14
10
11
11
14
38
35
39
43
36
51
52
50
45
50
6
3
3
8
8
9
6
7
13
14
29
25
33
28
25
40
38
47
41
39
5
2
2
6
5
4
7
11
5
29
37
34
39
29
48
38
42
6
7
7
13
8
16
18
20
14
13
43
44
45
45
45
47
47
50
46
10
5
9
5
18
11
13
16
17
42
38
42
46
39
54
55
53
48
53
5
7
8
10
13
9
10
10
10
13
32
28
36
31
28
43
41
49
44
44
2
2
5
3
2
4
4
10
5
32
40
37
39
32
51
41
44
9
11
12
16
15
21
26
25
17
20
51
52
53
53
53
55
55
56
54
16
9
13
15
20
18
15
17
25
44
46
50
53
47
62
62
61
55
61
12
14
14
17
18
15
14
13
19
20
40
35
41
39
36
51
46
57
52
50
7
4
8
7
7
11
13
17
8
40
43
45
46
40
54
49
52
12
10
11
11
16
18
24
25
20
22
46
47
48
48
48
52
50
51
49
14
10
14
17
21
20
18
16
26
47
41
45
49
42
59
58
56
51
56
16
14
18
16
15
10
8
8
8
11
35
28
39
34
31
46
44
52
47
47
14
12
14
12
16
5
2
8
5
35
41
40
42
35
52
44
47
20
14
19
19
19
26
33
31
23
27
52
58
54
54
59
56
62
57
59
22
18
23
20
27
25
27
22
32
46
47
51
59
52
68
67
66
57
62
18
22
23
21
18
10
17
16
13
16
40
34
47
45
43
52
52
59
56
51
21
17
20
15
19
9
5
11
1
41
47
52
48
41
55
56
53
26
8
20
20
25
27
31
24
18
22
52
57
57
57
57
60
60
61
55
26
19
23
24
24
20
19
17
26
48
51
51
56
52
65
65
64
58
64
23
23
27
22
13
8
18
15
8
15
38
34
45
40
41
55
49
58
55
53
23
21
22
19
19
9
6
6
1
41
47
50
48
41
59
50
53
15
10
15
21
17
23
30
26
20
24
49
48
49
49
49
51
51
54
52
19
20
19
23
21
21
21
19
23
41
42
48
50
46
60
59
57
52
57
17
19
21
24
15
5
16
17
9
12
36
29
40
37
32
47
45
54
48
46
22
19
20
20
21
12
6
2
3
38
43
41
45
38
50
47
49
21
14
22
22
23
29
35
32
24
28
54
58
59
59
59
60
61
64
60
25
21
25
23
29
24
27
23
34
54
52
53
60
53
69
69
67
62
67
17
25
26
22
19
11
17
19
16
19
42
36
47
47
39
54
53
60
58
55
24
20
23
18
21
9
3
6
12
43
49
48
50
43
61
52
55
46
46
49
48
47
43
43
33
31
32
19
20
21
21
19
23
21
24
18
-4
47
47
41
29
36
33
32
30
12
13
15
19
11
29
29
26
22
28
37
-6
45
39
33
40
50
50
34
41
21
16
10
6
15
14
13
22
16
14
48
0
45
46
44
44
44
38
43
41
6
9
8
4
18
13
15
43
42
43
43
45
36
36
27
27
26
8
9
11
11
12
12
14
17
13
-8
42
40
36
28
30
29
26
24
6
7
9
10
9
20
19
18
12
18
39
-10
38
34
34
33
43
43
28
35
14
15
8
7
9
8
4
11
9
3
47
45
38
40
44
37
37
33
36
34
2
4
2
4
13
9
6
43
46
8
43
48
40
40
31
32
34
17
17
17
18
10
17
17
19
15
53
47
44
46
32
35
34
33
29
14
15
19
19
10
24
22
22
15
21
43
0
42
39
37
37
48
47
31
38
18
18
13
10
13
15
12
16
11
8
3
6
42
45
47
41
41
37
40
38
5
9
7
2
15
8
6
48
45
48
48
47
39
39
30
31
31
6
7
13
13
9
10
12
13
11
46
46
43
41
31
34
33
31
28
11
8
13
9
7
19
18
16
10
17
43
44
43
35
36
38
46
48
30
37
17
17
11
11
16
8
5
9
6
1
50
50
41
42
46
40
42
38
39
37
5
5
1
4
5
9
4
44
47
6
44
49
41
41
32
33
35
15
16
18
18
15
19
17
21
14
51
48
45
45
33
36
36
32
30
11
12
18
17
7
28
24
25
18
24
41
46
43
38
37
39
49
49
32
39
19
19
15
9
18
14
9
18
14
10
1
46
43
44
48
43
42
38
41
41
5
8
5
7
14
9
12
72
60
64
67
62
54
54
45
46
48
17
9
8
13
9
15
15
13
13
61
61
58
62
44
49
48
47
43
24
21
28
20
22
23
20
18
11
17
52
59
61
50
48
57
61
63
54
57
36
31
24
21
31
21
18
29
24
22
63
65
65
62
59
55
61
51
54
52
15
18
14
13
14
12
10
65
66
68
65
69
61
60
49
49
48
23
18
13
15
17
14
14
14
12
72
64
67
58
53
52
51
48
46
27
25
29
24
26
20
18
18
11
18
64
19
64
60
58
62
70
69
52
59
39
39
34
33
34
33
31
34
29
30
72
67
67
64
68
66
62
59
64
63
27
32
21
29
24
26
4
70
67
70
70
70
61
61
52
53
53
19
14
9
14
15
10
10
12
8
68
68
65
63
52
56
55
53
50
31
23
33
22
31
17
15
15
11
14
60
66
68
57
56
58
68
70
57
64
44
39
32
29
30
33
28
30
26
28
71
72
63
68
67
62
67
58
61
59
23
28
17
27
20
13
3
