13
8
18
16
28
37
36
24
31
90
93
92
92
92
97
100
101
95
12
9
9
13
41
22
24
34
39
81
80
98
92
81
111
110
107
97
108
16
15
26
31
24
17
14
14
29
36
65
59
70
70
66
88
80
99
90
87
17
13
15
13
15
16
18
21
22
22
70
74
77
82
73
126
95
90
35
37
36
39
50
61
54
38
46
105
112
112
112
110
115
117
122
113
29
32
38
42
50
34
44
40
55
96
101
116
109
96
129
130
124
114
127
43
37
43
42
27
20
33
31
26
37
80
66
89
84
82
106
98
116
110
101
40
37
42
37
41
16
11
13
24
9
86
92
98
95
88
131
108
104
26
16
12
20
32
35
34
35
30
95
95
94
94
94
99
100
103
97
19
14
17
15
43
32
30
35
41
86
82
99
96
83
113
118
109
99
109
20
18
21
27
30
10
20
15
24
24
67
61
72
71
68
89
86
103
91
89
19
15
19
16
18
8
16
17
22
13
75
83
79
84
75
120
91
93
22
15
12
10
16
33
34
24
24
88
94
90
90
90
97
97
99
93
18
16
18
14
36
19
26
29
40
80
78
100
90
83
109
108
105
94
106
17
16
19
21
21
14
14
16
25
30
64
54
69
65
70
90
78
99
87
86
13
12
15
14
14
11
15
18
19
13
69
75
76
80
69
108
93
89
22
13
15
10
27
35
37
34
23
92
95
94
94
94
99
100
103
97
20
15
16
16
38
22
30
29
41
83
82
98
96
83
113
116
109
99
109
13
15
18
22
20
24
18
14
25
27
63
55
76
69
68
89
82
103
91
89
11
11
7
18
12
15
15
23
21
13
73
76
79
84
74
115
94
93
36
20
23
28
26
14
15
10
7
71
76
73
73
73
80
80
82
76
28
21
26
22
26
8
16
18
21
69
66
81
73
66
92
91
88
78
88
16
15
15
14
9
21
32
33
38
37
44
44
53
48
55
70
61
83
72
69
27
23
25
21
22
24
24
23
34
27
52
60
60
64
52
98
76
72
38
26
25
32
25
12
8
2
5
67
70
69
69
69
76
75
78
72
30
24
29
19
15
9
8
14
17
58
57
73
72
65
88
90
86
76
84
20
17
20
17
12
29
34
30
29
27
33
36
51
44
44
68
60
76
68
63
28
36
28
36
25
28
26
33
33
29
46
56
60
57
48
94
68
66
54
39
50
54
42
25
32
4
18
65
70
67
67
67
74
74
76
70
46
39
40
36
21
16
21
16
19
62
55
80
67
60
86
85
82
71
82
36
32
36
22
24
33
45
51
42
50
40
34
46
42
48
66
55
75
64
62
44
46
38
36
41
40
39
34
42
35
45
52
53
57
45
92
72
65
115
106
103
107
105
94
100
86
49
143
149
148
148
148
155
154
157
151
109
97
97
97
79
70
76
84
86
139
136
149
150
140
167
176
163
155
169
95
98
88
78
77
104
113
111
120
103
117
100
120
122
113
143
130
152
151
143
106
103
103
101
100
102
99
105
105
97
122
126
133
133
122
167
139
142
58
42
45
54
46
32
39
19
2
78
83
84
80
81
87
87
89
83
48
41
40
35
26
5
7
16
18
75
68
86
80
73
99
98
95
84
95
36
37
40
24
24
50
54
56
42
51
51
48
59
55
60
76
68
92
77
75
48
45
48
51
45
48
44
43
43
44
58
65
66
70
58
101
83
78
109
101
102
104
99
84
83
66
63
68
7
9
12
12
18
15
17
11
105
97
95
92
65
76
61
67
68
9
9
27
5
17
30
28
26
14
24
89
97
93
79
75
85
106
103
80
96
52
38
36
27
46
24
16
41
27
17
104
102
97
98
95
93
93
84
87
88
22
28
17
22
18
39
12
8
127
116
119
122
124
103
106
84
90
86
20
12
9
9
15
13
18
12
124
115
113
110
90
94
89
85
79
37
27
33
25
29
32
27
26
14
25
114
116
114
98
101
104
119
122
99
110
73
66
55
53
61
48
40
49
37
38
128
121
116
117
121
112
112
100
106
107
44
42
40
39
37
46
18
12
136
124
130
132
136
115
115
96
89
98
25
22
8
7
10
10
13
12
136
124
126
119
94
106
98
93
91
46
43
44
24
41
26
22
18
4
18
119
128
126
110
104
116
131
134
108
119
80
78
56
53
47
56
49
49
38
46
138
133
125
126
127
124
124
112
119
119
43
55
20
49
37
43
6
6
130
126
124
128
131
106
105
87
94
89
20
14
7
9
7
6
9
9
127
124
116
113
96
97
98
94
82
38
31
45
23
32
25
18
17
4
16
120
128
117
101
109
107
122
134
102
115
74
77
56
60
50
58
47
48
34
42
132
124
119
120
126
115
115
106
109
110
47
46
40
40
36
38
7
9
133
121
127
127
132
108
107
89
96
91
27
20
14
15
11
18
24
14
129
120
120
115
95
99
94
90
84
40
38
40
26
34
37
31
29
16
29
117
121
119
103
106
110
124
127
105
118
77
71
60
55
67
52
47
54
37
44
133
126
121
122
130
117
118
103
111
112
45
49
40
43
39
44
13
8
150
133
136
139
137
122
121
101
106
108
40
34
28
24
26
11
20
17
143
135
132
131
103
113
110
106
96
58
55
60
43
55
31
30
28
14
27
133
130
131
117
112
121
138
139
112
125
81
76
63
64
75
64
54
58
41
52
141
138
138
132
133
131
132
118
125
126
54
63
56
55
48
58
27
30
144
132
137
142
134
119
118
98
103
104
34
31
19
16
16
7
12
6
141
132
129
128
99
111
103
103
97
52
49
52
34
47
26
22
21
5
17
124
128
130
114
109
120
141
138
116
126
86
74
60
62
55
62
52
52
40
46
138
137
132
133
130
128
128
120
123
123
51
62
28
51
45
51
17
14
144
128
137
138
142
118
117
104
95
102
36
30
15
12
24
11
10
14
139
130
128
126
98
110
101
99
99
54
48
50
30
49
19
15
16
4
11
126
131
130
113
113
119
134
138
115
125
84
75
62
64
73
58
51
48
41
44
139
136
132
132
132
127
127
118
126
122
55
57
29
47
47
47
21
15
147
132
134
137
140
118
117
99
100
101
35
34
16
19
20
16
7
18
139
130
128
125
101
106
104
100
94
54
50
54
37
51
29
21
22
8
21
125
131
129
113
111
119
134
137
120
125
84
76
64
61
67
59
54
48
38
46
142
136
131
132
133
127
127
113
121
122
51
56
48
50
46
50
21
18
44
48
45
55
51
71
67
71
60
68
120
123
122
124
124
127
128
132
126
23
39
32
60
50
53
56
70
110
106
129
122
110
141
143
135
127
140
60
64
65
70
65
57
56
64
66
66
96
94
100
99
98
117
114
132
118
118
56
52
55
56
51
52
57
57
62
55
105
110
107
112
103
148
123
121
43
41
30
40
36
58
58
60
48
56
102
105
106
104
104
109
110
113
107
13
9
13
56
27
31
36
51
96
92
110
106
98
123
130
119
109
119
44
47
49
54
51
43
43
41
54
51
84
78
82
81
78
99
92
113
101
99
41
44
40
40
41
37
45
45
51
43
86
92
89
94
86
130
99
103
41
34
30
38
34
47
47
47
37
52
94
97
96
100
96
101
102
105
99
28
16
15
50
22
33
38
43
90
84
101
98
85
115
118
111
101
111
43
44
47
50
44
42
41
39
47
49
75
71
74
73
70
102
84
106
104
91
39
35
38
38
39
35
43
43
49
42
78
84
81
86
80
122
91
96
44
33
31
41
37
51
51
47
37
43
94
99
96
96
96
104
104
106
99
32
14
20
41
16
20
27
42
90
85
99
96
83
115
114
111
100
111
48
43
48
49
42
44
44
42
52
52
74
71
79
71
78
96
84
107
93
93
42
38
43
44
37
38
42
42
51
40
76
86
88
90
78
121
100
95
61
42
53
58
59
46
41
33
20
24
69
72
71
71
71
76
77
80
74
58
45
47
43
21
20
15
20
63
59
77
73
65
90
90
86
78
86
50
54
50
37
44
36
53
48
26
38
50
43
47
48
43
66
64
80
68
66
60
55
52
54
55
48
37
36
46
35
54
59
56
61
54
98
71
70
72
52
58
61
61
57
55
46
31
34
99
101
101
101
100
107
106
113
102
55
45
48
48
46
27
32
38
88
90
105
99
89
118
117
114
103
116
42
45
47
30
29
58
63
64
61
68
70
58
78
73
67
95
87
109
99
94
58
55
58
56
55
58
55
50
64
53
79
84
86
89
76
124
100
98
67
54
56
64
57
41
45
33
11
22
84
78
77
77
77
84
92
86
80
49
40
34
31
24
18
16
33
62
63
79
75
62
96
95
92
81
92
53
51
58
41
40
58
63
64
49
61
52
48
64
64
67
81
74
94
83
74
62
59
60
62
56
60
57
58
61
58
69
70
74
75
67
111
82
81
61
48
50
56
53
35
30
21
23
25
84
87
86
88
77
91
92
95
89
53
43
40
38
23
13
17
16
78
74
90
88
80
105
105
101
91
104
46
43
50
39
33
46
57
60
41
52
62
50
64
64
55
81
74
96
83
81
57
51
48
55
50
50
50
47
49
52
67
74
71
76
67
108
83
86
67
50
57
61
59
38
33
22
12
24
61
68
66
66
67
71
73
75
69
58
45
45
40
20
12
12
9
63
68
76
66
59
86
84
81
70
81
48
51
48
33
36
48
62
61
39
53
35
28
47
46
32
62
55
70
62
57
57
56
51
52
56
52
50
51
51
53
40
48
54
51
40
87
69
60
111
100
103
108
106
89
88
68
69
70
24
22
33
30
25
33
29
33
29
112
99
94
90
72
74
65
70
61
2
26
25
12
44
45
40
33
43
100
97
99
86
81
92
108
106
83
93
52
45
37
23
44
36
29
49
32
36
110
108
108
101
102
98
100
86
96
100
24
33
26
32
23
58
31
34
160
149
152
158
156
138
137
117
118
119
70
66
76
74
73
77
74
77
73
162
148
148
143
124
124
122
118
112
65
67
69
70
85
82
80
73
76
150
146
150
135
131
142
154
155
141
141
100
95
85
82
94
93
86
102
78
84
161
156
157
151
154
147
151
133
146
147
78
86
75
82
72
104
75
74
110
103
102
105
110
90
87
67
68
69
20
14
19
18
16
24
22
26
21
112
98
100
93
75
74
72
68
64
17
2
10
9
36
30
26
18
29
100
96
100
85
85
94
106
109
85
97
54
49
37
33
47
40
24
41
28
27
110
105
103
104
108
99
99
87
93
94
24
28
25
30
25
50
23
22
114
107
106
109
112
90
89
71
72
73
11
5
4
5
4
12
12
14
12
111
102
100
97
77
81
76
72
66
23
14
25
16
25
23
22
10
19
99
103
101
85
84
92
106
109
86
97
58
53
42
37
50
43
27
45
19
26
115
108
103
104
110
99
100
85
93
94
28
34
29
28
30
43
10
9
108
101
100
103
107
88
85
65
66
67
18
22
21
21
19
25
22
30
24
110
96
98
91
74
72
70
66
63
19
14
24
21
40
35
34
21
34
96
94
96
83
83
89
104
107
83
96
52
47
36
32
38
38
29
39
24
20
108
103
101
102
104
97
97
83
91
94
22
30
23
26
21
53
26
24
141
129
135
139
141
120
119
101
96
103
30
23
12
13
18
10
9
6
6
138
131
130
123
98
108
102
100
96
51
48
51
33
46
2
2
2
2
122
130
128
115
107
118
136
139
113
124
84
71
65
60
72
57
52
37
39
42
142
135
130
134
128
129
126
117
123
122
53
58
47
46
44
47
16
20
149
134
143
144
148
128
124
107
103
110
37
33
21
21
26
16
18
14
16
146
136
136
131
103
116
107
105
109
57
53
56
39
51
21
8
9
11
132
138
136
121
118
126
150
144
122
132
91
81
68
70
80
65
58
52
49
50
152
143
138
139
140
136
136
125
135
129
60
65
39
54
53
54
26
27
147
133
141
142
147
122
121
104
102
105
35
34
15
17
24
13
16
11
12
143
135
132
128
100
113
105
102
98
53
50
52
35
48
13
5
7
7
130
136
134
117
113
123
138
143
119
132
91
77
64
66
72
63
56
48
46
47
150
140
136
136
134
134
133
122
132
126
56
63
52
52
49
52
27
23
138
123
132
133
135
114
113
95
90
97
26
20
8
10
15
8
11
11
10
135
125
132
120
92
105
96
94
90
45
42
45
32
40
24
18
17
16
121
127
125
109
106
115
130
133
113
123
82
70
57
59
72
57
48
53
42
45
134
132
127
128
127
123
123
114
124
118
48
54
45
48
44
54
13
17
147
132
139
142
142
125
124
106
99
107
35
29
17
16
24
17
18
18
20
146
134
135
129
101
107
105
103
101
56
51
54
34
51
16
11
10
4
134
132
134
120
115
126
141
145
119
132
84
80
66
68
81
68
57
51
49
51
143
144
138
139
136
134
134
120
128
129
58
67
54
58
52
51
22
25
36
29
32
34
32
31
38
34
28
30
93
96
93
94
92
100
100
102
95
27
26
29
22
37
15
25
35
42
87
81
104
92
82
112
111
107
98
110
17
18
24
12
26
30
29
32
41
66
49
71
66
72
88
81
101
90
86
30
27
25
21
21
22
18
25
31
20
70
80
79
81
69
116
95
91
32
19
20
28
24
20
36
34
19
27
91
94
93
93
93
100
99
104
96
17
13
15
16
34
19
28
28
41
82
83
97
96
84
112
115
110
98
108
14
9
22
18
24
24
24
34
35
67
52
69
68
68
90
81
102
90
90
18
19
14
15
19
19
21
28
31
18
72
78
80
83
72
116
97
92
29
19
18
23
24
22
36
33
16
26
87
92
89
89
89
96
96
98
95
14
10
12
15
31
16
20
25
35
77
78
94
89
77
108
107
104
94
104
12
10
22
15
23
26
23
27
32
62
53
66
64
70
83
77
96
88
84
16
16
19
17
16
20
17
24
31
13
67
72
75
77
67
113
92
87
46
39
42
38
40
29
42
30
23
24
84
87
86
86
85
91
92
95
89
39
30
34
30
27
8
24
25
35
75
74
97
85
75
105
104
102
90
101
28
31
21
16
34
40
39
40
42
59
43
64
59
63
81
74
94
83
81
38
35
31
31
32
30
29
27
37
27
63
72
71
76
62
110
85
85
48
29
41
43
40
34
36
25
16
19
87
89
89
89
88
94
94
96
90
38
34
36
33
33
10
13
19
29
76
75
94
87
78
106
107
103
91
102
14
28
24
15
31
44
41
36
50
56
44
66
62
68
84
76
98
84
84
37
40
36
38
33
38
28
31
40
26
68
72
74
77
64
112
87
87
42
16
26
29
30
40
51
46
41
40
94
99
96
96
96
103
105
105
99
38
28
32
34
41
38
40
29
48
91
84
105
96
89
115
114
111
102
111
31
34
41
38
32
27
22
13
28
66
62
79
75
74
96
84
112
93
93
36
32
35
32
35
23
11
13
20
7
77
84
88
88
77
121
99
95
19
17
22
22
22
29
42
41
33
35
92
98
97
97
97
102
103
106
100
21
25
20
27
42
31
35
34
45
90
85
98
97
87
116
115
114
102
112
21
22
27
34
27
12
12
21
21
66
55
76
71
76
93
85
106
93
93
14
17
14
16
21
6
12
15
18
10
71
84
83
82
71
119
93
96
25
18
23
23
26
30
47
41
29
36
93
99
102
98
100
103
108
107
101
22
25
20
27
46
32
35
35
48
90
86
99
97
90
116
115
112
101
112
28
20
34
31
23
8
5
19
21
61
59
79
72
72
94
85
102
94
97
15
18
19
23
22
3
12
13
12
9
78
85
84
83
72
120
89
99
40
28
36
38
41
40
47
43
30
37
85
90
90
90
90
95
95
99
91
44
41
41
48
26
35
33
37
35
81
78
93
87
80
106
105
106
91
105
47
41
48
39
35
12
32
29
18
59
55
65
62
62
86
75
94
86
83
45
43
41
43
46
22
19
12
12
13
64
72
75
75
64
112
86
84
39
26
33
46
40
41
35
37
22
32
83
86
85
85
85
90
92
94
89
43
39
40
39
38
26
28
30
40
79
73
96
85
76
104
103
100
89
100
41
45
47
43
36
15
27
29
11
57
43
63
60
56
80
73
92
82
78
46
40
50
45
42
27
13
10
8
9
62
70
70
74
64
108
88
82
66
55
58
64
62
44
46
29
24
25
37
39
39
39
39
43
44
48
42
65
57
56
49
31
30
28
24
18
38
31
42
36
31
55
55
55
44
54
55
52
54
39
40
47
62
61
50
48
18
20
14
21
36
26
49
33
34
68
61
57
60
61
53
53
47
55
56
21
32
26
27
19
58
40
37
77
64
68
69
67
59
58
42
39
39
43
49
48
48
49
53
55
57
51
70
63
67
64
42
39
38
35
35
45
43
55
51
40
68
66
66
52
63
61
60
60
47
36
52
72
70
45
52
23
32
22
31
45
37
54
44
39
71
68
64
62
65
64
62
52
62
58
24
35
36
33
22
71
44
44
84
73
76
79
83
73
69
54
54
48
36
36
45
45
38
40
45
46
41
86
78
78
72
52
56
55
46
48
35
27
48
38
29
60
59
52
46
56
75
77
72
70
58
71
78
79
71
79
22
30
27
17
28
31
39
31
30
84
79
79
80
79
81
79
62
86
77
14
14
21
21
19
59
37
36
96
84
88
89
87
77
76
56
53
57
31
37
36
36
36
41
46
46
35
94
86
86
82
60
59
59
57
51
26
27
41
42
29
59
53
51
39
51
83
80
80
71
62
71
92
89
62
72
31
26
18
19
31
25
40
32
27
93
88
84
82
83
85
79
69
76
80
5
19
16
22
8
57
27
27
96
81
83
85
83
69
74
56
46
50
39
47
44
44
43
50
46
53
42
88
81
79
80
49
56
55
56
39
37
34
48
45
39
63
62
62
48
60
80
76
76
64
58
69
85
85
63
73
35
31
18
13
33
30
49
40
35
87
84
84
78
79
78
78
69
74
74
15
26
24
32
16
68
36
35
96
88
88
94
94
74
73
53
54
55
15
21
16
16
17
21
24
25
19
95
87
84
85
58
60
61
59
48
17
15
23
17
17
35
34
33
20
32
85
82
84
69
67
75
90
94
68
81
37
31
25
19
28
16
22
12
6
96
93
87
90
88
83
83
69
77
78
6
3
10
6
7
41
21
16
105
94
95
98
100
82
81
60
61
62
18
20
28
26
19
24
25
29
25
105
91
92
86
64
67
65
61
55
20
18
23
17
12
36
34
24
35
90
90
91
75
74
80
101
97
86
85
43
38
25
24
32
17
34
14
12
102
98
99
97
96
96
89
73
85
85
12
18
14
8
8
39
19
19
171
169
163
164
173
147
146
133
128
137
89
91
88
85
85
75
78
80
75
168
196
157
182
126
137
135
136
130
83
80
94
88
83
85
78
83
77
84
150
153
155
142
135
146
163
164
137
147
106
99
86
81
90
84
76
72
73
168
171
167
157
156
163
154
156
150
152
70
82
83
72
66
85
88
82
116
104
108
109
107
96
93
73
73
75
27
26
27
29
29
14
25
22
20
113
104
108
99
73
82
78
74
68
30
26
34
29
23
29
31
31
26
30
104
102
100
88
82
91
111
110
82
92
51
47
37
31
40
32
22
18
13
111
108
108
102
103
105
101
86
97
100
19
23
18
17
11
54
30
27
112
101
104
107
105
90
89
70
72
71
28
31
28
30
31
22
23
26
25
111
100
100
95
72
76
74
74
64
26
24
26
32
19
43
37
36
26
38
101
98
99
87
80
91
106
108
80
90
49
44
33
28
32
25
20
32
14
109
106
106
100
101
103
99
84
95
99
20
20
18
11
14
60
31
27
50
42
48
54
46
53
65
64
52
55
119
122
121
121
121
126
127
130
124
38
39
42
42
62
48
52
56
68
109
109
126
123
110
140
143
136
126
136
44
41
38
45
48
52
44
47
58
63
92
82
100
96
95
116
110
130
118
116
25
27
34
31
43
40
50
54
40
100
106
106
111
100
144
126
120
32
24
21
35
26
34
47
45
37
43
104
107
106
106
106
111
112
116
109
27
20
22
28
48
25
38
41
52
94
94
111
108
92
126
125
120
111
121
19
22
27
27
35
31
27
32
36
40
76
63
83
82
80
101
94
114
103
101
5
14
15
20
21
22
29
32
20
84
89
91
95
84
132
104
104
26
15
15
22
21
21
32
30
22
24
92
93
90
90
90
95
97
103
93
20
15
18
17
33
24
26
27
40
79
80
96
90
82
109
108
105
94
105
12
7
20
19
18
21
21
21
26
32
62
51
68
66
71
85
80
98
92
86
10
7
5
14
12
9
24
26
13
72
74
75
79
69
115
92
85
27
17
18
26
22
32
44
40
29
39
101
102
102
102
102
108
107
110
104
22
21
18
18
40
27
33
34
44
86
87
103
97
90
116
118
116
103
116
15
20
26
30
27
24
22
20
30
34
71
58
75
74
72
92
85
104
98
91
13
8
11
7
13
14
21
24
12
76
81
87
86
77
121
98
99
43
31
36
44
32
44
53
52
39
48
105
108
107
107
107
112
114
116
110
33
31
30
33
54
39
46
46
54
100
98
117
107
96
126
126
122
111
122
33
30
34
39
40
33
32
36
38
42
82
71
85
85
86
102
95
115
104
104
18
26
24
16
27
24
31
36
28
90
94
97
88
135
110
102
31
24
24
35
32
42
55
54
40
48
102
105
107
108
107
112
112
116
108
31
26
28
35
46
42
43
36
52
94
95
111
104
100
126
122
124
112
124
33
30
40
39
35
20
21
30
23
28
72
66
83
79
79
103
92
111
103
96
30
28
31
29
32
12
25
20
11
82
86
92
89
81
125
103
98
51
35
41
50
47
56
66
63
51
55
114
120
120
119
120
124
124
128
120
47
45
48
54
61
50
56
49
64
109
107
120
119
112
138
138
134
124
134
38
44
50
52
42
24
42
39
32
42
89
78
100
91
91
115
107
125
116
110
44
36
43
47
40
20
17
27
8
93
103
104
106
93
140
115
115
56
41
48
57
55
59
72
67
51
64
113
116
115
115
115
121
121
124
118
58
54
55
62
56
64
58
43
65
106
103
126
115
105
134
133
130
120
130
53
55
61
53
56
36
45
46
26
43
88
72
94
92
87
112
103
123
112
108
57
52
55
59
56
28
31
21
11
93
101
101
104
93
146
115
114
50
38
36
42
44
51
61
52
43
50
100
108
105
105
105
110
110
114
106
47
41
44
48
43
48
52
44
50
98
98
110
105
95
124
123
122
109
120
42
43
52
48
47
21
36
35
19
24
74
61
82
77
75
99
94
109
101
100
47
44
43
43
45
24
16
11
10
79
87
90
90
79
129
105
99
55
44
46
53
50
59
71
67
57
59
118
123
120
120
120
127
127
129
123
53
50
50
58
61
54
55
50
68
112
108
128
120
113
139
138
135
124
135
40
50
52
55
40
26
45
42
33
43
88
80
101
95
95
120
108
128
117
112
48
41
49
45
43
22
10
14
25
97
106
108
110
98
142
119
118
107
95
99
100
98
88
87
67
66
70
38
42
42
42
38
46
45
52
45
105
97
97
97
68
72
72
72
64
42
29
47
39
34
59
58
56
44
57
94
91
91
82
73
82
101
100
73
83
42
37
26
18
31
30
26
45
37
29
106
99
95
93
94
96
90
83
87
90
17
18
21
8
59
32
33
97
86
89
93
93
75
74
54
55
56
21
27
26
29
28
31
33
35
29
100
85
85
80
58
61
59
55
49
26
14
24
26
18
44
43
38
32
41
86
84
85
69
68
74
91
92
68
79
35
32
18
19
22
19
16
30
19
12
98
92
94
88
89
90
87
67
83
79
9
13
5
12
45
28
25
111
101
103
106
104
90
89
69
72
70
35
37
37
38
28
28
28
28
23
107
100
100
94
67
76
74
69
64
35
30
39
39
24
52
40
39
28
39
91
94
95
83
76
88
108
107
79
92
48
40
30
24
38
33
24
39
26
20
105
102
105
99
99
102
97
83
94
93
11
19
17
5
47
18
13
105
94
97
100
104
85
84
62
63
66
25
26
27
27
20
28
30
34
30
106
93
99
88
67
69
67
63
57
22
20
27
21
16
40
42
40
29
40
90
91
93
78
76
85
99
100
76
90
43
42
23
22
34
17
13
28
18
8
105
100
102
99
97
99
94
76
86
90
13
10
6
9
43
13
18
112
97
103
102
100
94
89
74
68
72
32
38
37
37
31
40
38
45
40
106
99
104
98
66
76
74
67
64
36
29
41
34
23
56
51
50
37
50
93
94
94
79
75
84
103
101
75
89
44
39
35
19
36
30
21
38
29
23
104
101
101
95
96
98
96
77
90
89
10
19
11
16
52
31
25
166
161
153
154
155
138
135
115
122
117
63
56
40
47
52
48
49
47
44
160
146
149
141
118
122
120
116
110
71
71
78
62
75
63
58
56
42
54
149
144
145
148
134
136
155
154
127
137
96
91
84
80
84
75
74
82
72
71
158
153
149
147
148
148
144
143
141
142
61
70
54
75
57
38
33
132
139
140
148
144
126
125
105
106
112
35
46
15
19
34
17
19
19
13
126
139
137
115
109
112
110
91
100
62
46
45
25
62
36
43
42
26
36
112
134
117
121
118
106
142
124
118
133
90
84
51
47
81
72
63
57
58
62
147
147
118
139
139
114
116
123
129
109
36
68
30
60
28
61
9
133
121
125
128
127
110
109
89
90
92
34
39
16
15
21
27
21
19
18
136
120
120
116
93
96
94
91
84
45
57
59
39
54
36
33
29
19
33
122
118
120
121
102
112
130
129
103
113
71
66
54
50
64
45
35
62
51
45
144
127
137
123
123
127
120
107
128
119
55
50
31
44
33
26
5

