13
8
18
14
28
37
36
24
31
90
93
92
92
92
97
98
101
95
12
7
9
12
36
22
24
29
39
81
80
97
92
81
111
110
107
96
107
16
15
26
28
24
17
14
14
27
29
65
58
70
69
66
87
80
99
89
87
17
13
15
13
15
15
15
21
22
19
70
74
77
81
70
117
92
90
35
34
33
39
47
58
54
38
46
105
111
110
110
110
115
115
119
111
29
32
38
34
50
34
44
40
55
96
97
111
109
96
129
128
124
114
125
32
37
39
40
27
20
31
31
24
37
78
66
88
82
82
105
98
114
106
101
40
36
37
37
36
16
11
13
24
9
84
92
95
95
84
131
106
104
17
16
10
18
29
35
34
27
30
92
95
94
94
94
99
100
103
97
18
14
16
15
36
25
26
31
41
83
82
99
94
83
113
112
109
98
109
18
18
21
27
22
10
17
15
24
24
67
61
72
71
68
89
82
102
91
89
19
15
18
16
18
6
13
17
19
13
75
78
79
83
75
119
94
93
22
14
12
10
16
33
32
22
24
88
91
90
90
90
96
96
99
93
18
13
15
14
36
19
26
28
38
79
78
94
90
80
109
108
105
94
105
17
15
16
21
21
14
14
13
25
25
61
54
69
65
65
86
78
99
87
86
13
12
15
13
14
11
13
18
19
11
69
75
76
80
69
115
91
89
16
13
14
10
23
35
34
24
23
89
93
92
92
92
97
98
101
95
20
14
16
16
36
21
26
29
39
81
80
95
92
81
111
110
107
96
107
13
15
18
20
20
16
16
14
25
27
63
53
70
67
66
87
80
98
89
85
11
11
7
15
12
13
15
19
21
13
68
76
77
79
68
115
90
88
36
20
23
24
26
14
15
10
7
71
74
73
73
73
80
79
82
76
28
21
23
19
21
6
16
17
21
62
61
77
73
66
92
91
88
77
88
16
15
15
14
9
21
31
28
26
36
44
44
53
48
48
70
61
82
70
69
26
23
23
21
22
24
24
23
34
26
52
59
60
63
52
98
74
72
35
26
25
27
25
12
8
2
5
67
70
69
69
69
76
75
78
72
30
24
24
19
15
8
8
14
17
58
57
73
69
62
88
87
84
73
84
20
17
20
17
12
29
34
30
29
27
33
36
51
44
44
67
57
76
66
63
28
25
24
25
25
28
26
28
33
28
46
54
58
57
46
93
68
66
51
37
41
44
42
25
32
4
18
65
68
67
67
67
73
73
76
70
46
38
40
36
21
16
21
16
19
61
55
72
67
60
86
85
82
71
82
35
32
35
22
24
33
45
46
38
42
38
34
46
42
42
63
55
75
64
62
44
41
37
36
41
40
39
34
39
35
45
52
53
56
45
92
67
65
115
103
103
106
105
93
97
86
49
140
143
142
142
141
147
148
151
144
105
97
97
97
79
70
76
84
86
131
130
145
141
131
161
160
156
146
157
95
98
88
78
77
104
112
111
104
103
117
100
120
115
113
137
130
150
139
137
106
103
101
101
100
102
99
105
105
97
119
126
127
131
118
167
141
140
54
42
45
46
44
32
39
19
2
75
81
80
80
80
85
86
89
83
48
41
40
35
22
5
7
16
18
71
68
81
80
72
99
98
95
84
95
36
37
40
24
24
47
53
50
42
46
49
43
58
54
45
75
68
84
76
71
48
45
44
44
45
48
42
43
43
44
54
62
65
65
54
101
76
74
106
95
98
101
99
84
83
63
63
65
7
9
11
9
14
15
17
11
105
94
92
86
65
69
61
64
57
9
9
27
5
15
29
28
26
14
24
89
92
92
79
74
83
100
101
74
84
43
38
34
27
37
24
16
38
25
17
103
100
96
94
95
93
91
79
87
88
22
27
17
22
18
39
11
8
125
114
117
120
121
103
102
82
83
84
20
12
9
9
15
13
16
12
124
113
113
108
88
89
87
83
77
37
27
33
25
29
32
27
26
14
25
114
111
113
98
99
104
119
120
99
110
69
64
50
53
59
48
40
49
37
38
125
120
116
117
120
112
112
98
106
107
40
42
38
39
37
40
16
12
134
122
126
129
129
112
111
91
89
93
25
19
8
7
10
10
13
10
133
122
122
117
91
96
95
92
86
43
38
44
24
38
25
20
18
4
18
119
120
122
107
104
111
128
129
104
114
73
68
56
53
64
55
48
49
38
42
133
129
125
124
125
121
120
107
114
115
43
52
37
46
37
39
6
6
128
117
120
123
124
106
105
85
84
87
20
14
7
9
7
6
9
9
127
116
116
111
86
91
89
86
80
37
31
39
23
32
23
18
16
4
16
115
114
116
101
100
106
122
123
100
110
69
64
51
53
61
49
42
48
34
39
128
123
119
120
121
115
115
101
109
110
42
46
35
40
36
40
7
9
130
119
122
125
126
108
107
87
88
89
27
18
14
15
11
18
23
14
129
118
118
113
93
94
92
88
82
40
35
40
26
34
37
31
29
16
29
117
116
118
103
102
109
124
125
102
112
71
66
55
55
65
52
47
51
37
42
130
125
121
122
123
117
117
103
111
112
43
49
38
43
39
44
15
8
144
133
136
139
137
122
121
101
101
103
40
34
24
24
26
11
20
17
143
132
132
127
103
107
106
102
96
57
55
59
43
54
31
29
28
14
27
127
130
130
117
112
121
138
139
112
122
81
76
63
64
75
64
54
58
41
52
141
138
134
132
133
131
129
117
125
126
54
63
54
55
48
58
27
26
141
130
133
136
134
119
118
98
97
100
33
27
16
16
16
7
12
6
140
129
129
124
99
104
103
99
93
51
47
52
33
47
26
20
21
5
17
124
127
127
114
109
118
135
136
109
119
78
73
60
61
69
61
51
50
40
46
138
135
131
129
130
128
126
114
122
123
51
58
45
51
45
48
17
14
140
128
132
135
134
118
117
97
95
99
31
25
13
12
21
11
10
12
139
128
128
123
97
102
101
98
92
50
43
50
30
45
19
15
15
4
11
124
126
127
113
109
117
134
135
109
119
78
73
60
61
70
58
51
48
41
44
138
135
131
129
130
127
126
113
120
121
51
57
49
47
45
46
20
19
140
129
132
135
135
118
117
97
98
99
35
29
16
19
20
14
7
17
139
128
128
123
101
104
102
98
92
52
50
54
37
49
28
21
22
8
21
125
126
128
113
110
119
134
135
110
120
79
74
63
61
67
59
54
48
38
44
139
135
131
130
131
127
127
113
121
122
51
56
45
50
46
50
21
18
44
48
45
55
51
71
66
71
56
68
120
123
122
122
122
127
128
131
125
23
39
32
60
49
51
53
70
109
105
125
120
110
141
140
135
126
137
59
62
65
69
65
55
56
56
65
66
95
94
100
99
96
117
110
130
118
117
48
52
55
56
51
52
51
56
60
49
104
106
107
111
103
147
122
121
43
36
30
40
36
53
54
57
43
54
102
105
104
104
104
109
110
113
107
13
9
13
50
27
31
36
51
94
92
110
104
94
123
122
119
108
119
42
44
49
53
50
43
43
41
54
51
81
78
82
81
78
99
92
112
101
99
41
37
40
40
36
37
44
45
51
43
86
88
89
93
85
129
104
103
41
34
28
38
34
47
47
47
33
44
94
97
96
96
96
101
102
105
99
27
10
15
41
22
23
27
43
85
84
101
96
85
115
114
111
100
111
40
42
47
50
44
41
41
39
47
49
74
70
74
73
70
91
84
104
93
91
39
35
38
38
34
35
42
43
49
41
78
80
81
85
77
121
96
95
44
33
31
41
37
48
45
47
32
43
94
97
96
96
96
103
102
105
99
30
14
20
41
16
20
27
42
83
84
99
96
83
115
114
111
100
111
45
43
48
46
42
44
44
42
51
52
67
67
79
71
71
96
84
106
93
93
42
38
41
42
37
38
42
42
51
40
76
85
86
89
78
121
97
95
61
41
53
56
58
43
41
32
14
24
69
72
71
71
71
76
77
80
74
57
45
47
42
21
20
15
20
63
59
77
71
64
90
89
86
75
86
50
47
50
37
44
35
53
48
26
38
49
43
47
48
43
66
59
79
68
66
55
55
52
53
55
44
37
35
39
35
53
55
56
60
52
96
71
70
69
52
58
61
60
55
55
45
31
34
97
100
99
99
99
105
105
108
102
55
45
48
40
45
27
32
38
88
87
103
99
88
118
117
114
103
114
42
45
45
28
29
54
63
62
61
68
70
58
78
73
67
95
87
107
96
94
58
55
58
55
55
58
55
50
63
53
77
84
85
88
76
124
99
97
67
54
54
59
57
41
45
33
11
22
74
77
77
77
77
84
83
86
80
49
40
34
31
24
18
16
25
62
63
78
75
62
96
95
90
81
92
51
51
54
41
40
58
63
64
49
59
52
48
64
57
52
79
72
87
79
74
62
57
56
57
56
60
57
58
59
58
57
65
69
68
57
104
78
77
61
48
48
53
53
35
30
21
20
21
77
82
82
82
77
84
88
91
84
53
40
40
34
23
13
17
16
75
71
83
82
73
101
100
97
86
97
44
43
46
39
33
45
57
58
41
52
51
47
62
55
51
78
71
86
78
73
56
51
48
49
50
50
50
47
49
50
56
64
68
67
56
103
77
76
65
50
54
57
56
38
33
22
12
14
61
67
66
66
66
71
73
75
69
54
42
45
40
18
12
12
9
59
55
67
66
58
85
84
81
70
81
48
45
48
33
36
48
59
56
39
49
35
28
47
37
32
62
55
70
62
57
57
54
51
52
54
52
50
51
51
52
40
48
52
51
40
87
62
60
111
100
103
106
106
89
88
68
69
70
24
22
26
26
24
32
29
33
29
110
99
94
90
72
74
65
68
61
2
26
23
12
44
41
40
28
39
96
97
99
84
81
90
105
106
83
93
52
45
37
23
44
36
29
44
32
30
110
106
102
101
102
98
98
84
92
93
24
33
26
31
23
57
29
30
160
149
152
155
156
138
137
117
118
119
70
66
75
70
70
76
74
77
73
159
148
148
143
122
124
122
118
112
65
67
69
64
85
82
80
72
76
146
146
148
133
131
139
154
155
131
141
100
95
85
82
94
90
86
93
78
84
160
155
151
151
152
147
147
133
141
142
76
86
75
81
72
104
75
74
110
99
102
105
106
88
87
67
68
69
20
12
19
18
16
22
22
26
21
109
98
98
93
72
74
72
68
62
17
2
10
9
35
30
24
18
26
99
96
98
83
84
89
104
105
84
95
54
49
36
33
47
40
24
41
28
24
110
105
101
102
105
97
97
83
91
92
24
28
25
30
22
50
23
21
112
101
104
107
108
90
89
69
70
71
11
5
4
5
4
11
12
14
12
111
100
100
95
75
76
74
70
63
23
10
25
16
25
23
22
8
19
99
98
100
85
84
91
106
107
84
94
53
48
38
37
47
37
27
39
19
26
112
107
103
104
105
99
99
85
93
94
28
34
23
28
24
43
10
9
108
97
100
103
104
86
85
65
66
67
18
22
21
21
19
25
22
29
21
107
96
96
91
72
72
70
66
60
19
8
24
21
40
35
34
21
34
96
94
96
81
81
87
102
103
81
91
50
45
34
32
38
38
29
39
24
20
108
103
99
100
102
95
95
81
89
90
22
28
23
26
20
53
26
24
139
126
131
134
132
117
116
96
93
98
29
23
12
13
18
10
9
4
6
137
126
127
122
95
100
99
97
91
47
45
48
33
43
2
2
2
2
122
125
125
112
107
115
133
134
107
117
76
71
58
59
67
57
49
37
39
42
136
133
129
127
128
126
124
112
118
119
49
56
45
46
43
47
16
17
147
134
139
142
142
125
124
104
101
106
37
31
19
21
26
16
18
14
16
145
134
135
130
103
108
107
105
99
55
53
56
39
51
18
8
9
11
132
133
135
120
117
123
141
142
117
127
86
81
68
69
76
65
58
52
49
49
145
142
138
137
138
134
132
120
126
127
59
64
54
54
53
54
24
27
144
131
136
139
138
122
121
101
98
103
34
28
15
17
23
13
15
11
12
142
131
132
127
100
105
104
102
96
52
48
51
35
48
13
5
7
7
128
130
131
117
113
120
138
139
113
123
82
77
64
65
72
63
55
48
45
47
142
139
135
133
134
131
129
117
123
124
55
61
50
52
49
51
21
23
136
123
128
131
131
114
113
93
90
95
26
20
8
10
15
8
11
11
10
134
123
124
119
92
97
96
94
88
44
42
45
31
40
24
18
17
16
121
122
124
109
106
112
130
131
106
116
75
70
57
59
68
57
48
51
42
45
134
131
127
126
127
123
121
109
115
116
48
54
43
47
42
47
13
16
145
132
137
140
140
123
122
102
99
104
35
29
17
16
23
15
16
16
15
143
132
133
128
101
106
105
103
97
53
47
53
34
49
16
11
8
4
130
131
133
118
115
121
139
140
115
125
84
79
66
68
72
64
57
49
46
51
143
140
136
135
136
132
130
118
124
125
56
61
50
54
51
50
22
23
36
19
28
32
32
31
38
33
28
30
90
94
93
93
92
98
99
102
95
27
24
27
22
37
15
25
32
42
82
81
96
92
82
112
111
107
97
108
17
18
21
12
25
30
29
32
37
64
49
71
66
67
88
81
99
90
86
26
26
25
21
21
22
18
25
31
16
69
77
78
80
69
116
91
89
27
19
19
26
24
20
36
33
19
27
89
92
91
91
91
96
97
100
94
17
13
15
16
34
19
26
28
38
80
79
96
91
80
110
109
106
95
106
14
9
20
18
24
24
24
33
35
64
52
69
67
65
86
79
99
88
86
16
18
14
15
18
19
20
27
31
18
71
75
76
80
70
116
91
90
29
19
17
23
22
22
35
30
16
24
86
89
88
88
88
93
94
97
91
14
10
12
13
31
16
20
25
35
77
76
93
88
77
107
106
103
92
103
12
10
16
15
21
26
23
27
32
60
53
66
64
62
83
76
96
85
83
16
16
17
17
16
16
15
21
28
13
67
72
73
77
67
113
88
87
46
29
35
38
37
29
42
30
19
24
84
87
86
86
85
91
92
95
88
38
30
32
30
27
8
24
25
35
75
74
89
85
75
105
104
100
90
101
28
31
21
16
34
40
39
40
42
58
43
64
59
60
81
74
93
83
80
34
35
31
31
32
30
29
27
37
27
63
70
71
74
62
110
85
83
48
29
41
40
40
34
36
25
16
19
85
88
87
87
87
93
93
96
90
38
33
35
33
33
10
13
19
29
76
75
91
87
76
106
105
102
91
102
14
24
24
15
31
44
41
36
50
56
44
66
61
62
83
75
95
84
82
37
34
36
34
33
38
28
31
40
26
65
72
73
76
64
112
87
85
33
16
26
29
30
40
51
44
37
40
94
97
96
96
96
103
102
105
99
33
28
30
34
41
36
40
29
46
91
84
103
96
89
115
114
111
100
111
31
34
38
38
30
26
22
13
28
64
57
79
71
73
96
84
106
93
93
34
31
34
32
35
17
11
13
18
7
76
84
86
88
77
121
97
95
19
17
16
22
21
29
42
41
30
35
92
98
97
97
97
102
103
106
100
21
18
20
24
41
31
34
33
45
87
85
98
97
87
116
115
112
101
112
21
19
27
29
27
12
12
21
21
66
55
76
71
71
93
85
101
93
88
14
16
14
16
20
6
12
15
18
10
71
79
83
82
71
118
93
91
22
15
16
21
22
30
43
41
29
35
93
98
97
97
97
103
103
106
100
22
18
20
27
42
32
35
33
46
90
85
99
97
90
116
115
112
101
112
22
20
29
30
23
8
5
19
21
61
54
79
72
72
94
85
102
94
89
15
17
19
17
21
3
10
13
12
9
72
80
84
83
72
119
94
92
40
26
32
38
41
40
47
43
30
37
85
88
87
87
87
92
93
96
90
44
39
41
48
26
35
33
29
35
79
75
91
87
80
106
105
102
91
102
42
41
46
39
35
10
30
29
18
59
51
65
62
61
82
75
94
84
81
45
42
41
43
46
20
15
12
12
13
64
70
72
75
64
111
86
84
39
26
33
39
40
41
35
37
22
32
82
86
85
85
85
90
91
94
88
43
38
40
39
30
26
28
30
34
76
73
88
85
76
104
103
100
89
100
41
40
47
35
35
15
27
29
11
56
43
63
60
56
80
73
91
82
78
43
39
40
42
42
23
13
10
8
9
61
69
70
72
61
108
83
81
66
55
58
61
62
44
45
29
24
25
37
37
39
39
39
43
44
48
42
65
54
54
49
31
30
28
24
18
38
31
42
36
31
55
55
53
43
54
55
52
54
39
40
47
60
61
40
48
18
20
14
21
34
24
48
33
31
66
61
57
58
61
53
53
47
53
53
21
23
26
27
19
58
38
35
76
64
68
69
67
59
57
42
35
39
43
49
48
48
49
53
55
57
51
70
63
66
61
35
39
38
35
35
45
43
55
51
40
67
66
65
52
63
57
60
56
47
36
52
70
69
45
52
23
32
22
31
45
37
52
44
39
71
68
64
62
63
64
61
45
57
57
22
35
34
33
22
69
44
42
84
73
76
79
80
67
65
46
47
48
35
36
37
37
36
40
42
46
40
86
77
77
72
52
53
51
46
41
32
27
41
35
29
54
54
52
41
52
73
75
72
58
58
66
78
79
58
71
22
25
21
17
28
24
39
31
28
84
79
79
80
79
71
71
62
70
71
14
14
21
21
19
57
37
36
96
84
88
89
87
77
76
56
53
57
31
37
36
36
36
41
39
43
35
93
85
86
81
53
59
59
57
51
26
27
41
37
26
54
53
51
39
50
77
80
80
70
62
71
90
89
62
72
31
26
18
19
31
25
40
32
27
91
88
84
82
83
84
79
69
76
77
5
19
16
21
8
57
27
27
91
80
83
85
83
69
70
54
46
50
39
45
44
44
43
49
46
53
42
88
78
79
74
49
52
52
49
39
37
34
48
45
33
63
61
60
47
59
73
75
76
64
58
69
85
85
63
73
35
28
18
13
33
30
49
40
35
87
84
80
78
79
78
78
69
72
73
15
26
24
29
16
66
36
38
96
85
88
91
92
74
73
53
54
55
15
17
16
16
17
21
23
25
19
95
84
84
79
58
60
58
54
48
17
14
23
17
16
35
34
33
20
31
82
82
84
69
67
75
90
91
68
78
37
31
23
19
26
15
22
12
6
96
91
87
87
88
83
83
69
77
78
6
3
10
6
7
41
21
16
103
92
95
98
99
81
80
60
61
62
18
18
23
23
19
24
25
29
25
102
91
91
86
64
67
65
61
55
20
16
23
17
12
36
36
34
24
35
89
89
89
75
74
80
97
97
74
84
43
38
25
24
32
17
28
14
12
102
98
94
94
95
90
89
73
84
85
12
17
10
8
8
39
19
18
169
157
161
162
160
147
146
126
126
128
89
87
84
85
85
75
78
76
75
166
157
157
152
126
132
131
127
121
83
80
91
88
83
85
78
83
77
83
150
153
153
142
135
144
163
162
135
145
104
99
86
81
90
84
76
56
67
164
161
157
155
156
156
152
141
149
150
70
78
73
72
66
110
86
82
116
104
108
109
107
94
93
73
73
75
27
24
27
27
27
12
23
22
18
113
104
104
99
73
79
78
74
68
30
26
34
24
23
29
31
31
23
30
97
100
100
88
82
91
110
109
82
92
51
47
34
29
40
32
22
14
13
111
108
104
102
103
103
99
86
96
97
19
23
18
17
11
54
30
27
112
101
104
107
105
90
89
69
70
71
28
31
28
30
31
22
23
26
25
111
100
100
95
71
76
74
70
64
26
21
26
31
19
38
37
36
26
36
95
98
98
85
80
89
106
107
80
90
49
44
33
28
32
25
20
30
14
109
106
102
100
101
99
97
84
93
94
18
20
18
11
14
53
30
24
50
42
41
48
44
50
63
60
50
55
117
120
119
119
119
124
125
128
122
38
39
41
42
62
48
52
56
66
108
107
124
119
108
138
137
134
123
134
39
38
38
45
48
47
44
45
55
59
92
82
97
96
93
114
107
127
116
114
25
27
34
31
41
40
49
53
40
99
103
104
108
99
144
119
118
32
24
21
28
26
34
47
43
35
39
103
106
105
105
104
110
111
114
107
27
20
22
21
48
25
35
41
52
92
93
108
104
92
124
123
119
109
120
19
22
25
27
30
29
26
25
35
39
76
63
83
78
79
100
93
113
102
100
5
14
15
19
21
22
28
32
20
82
89
90
94
81
130
104
103
26
15
15
22
20
21
32
30
22
24
88
91
90
90
90
95
96
99
93
20
15
17
17
33
22
26
27
37
79
78
94
90
79
109
108
105
94
105
12
7
18
19
18
21
20
20
26
30
61
51
68
65
64
85
78
98
87
85
10
7
5
14
12
9
20
24
13
69
74
75
79
69
115
90
89
27
17
16
26
22
32
42
40
29
36
95
98
97
97
97
102
103
106
100
22
16
18
18
40
27
33
34
44
86
85
101
97
86
116
115
112
101
112
15
18
25
27
27
22
21
20
28
32
69
58
75
72
71
92
85
104
94
91
10
6
11
7
13
14
20
24
12
74
81
82
85
74
121
96
94
38
30
30
38
32
43
53
52
39
46
105
108
107
107
107
112
113
116
110
33
28
30
33
50
39
42
44
54
96
95
112
107
96
126
125
122
111
122
30
29
34
37
39
33
32
36
38
42
81
71
85
84
81
102
95
115
104
102
18
20
20
16
26
24
31
36
22
86
91
92
96
86
132
107
106
31
24
24
31
32
40
52
53
40
46
99
105
104
104
104
109
110
113
107
31
26
28
35
44
42
43
36
52
94
92
105
104
94
123
122
119
108
119
33
30
38
39
35
20
21
23
23
28
72
64
83
78
78
100
92
108
100
95
30
26
31
29
32
12
17
20
11
78
86
90
89
78
125
100
98
50
35
41
44
44
54
66
63
51
55
114
120
119
119
119
124
124
128
120
47
44
47
47
61
50
56
49
64
109
107
120
119
109
138
137
134
123
134
38
44
50
49
42
24
41
37
32
42
87
77
98
91
91
115
107
123
115
110
43
36
43
41
40
20
17
27
8
93
101
104
104
93
140
115
113
54
38
48
54
55
59
68
63
51
54
112
116
115
115
115
121
121
124
118
58
53
55
60
55
54
54
43
62
105
103
118
115
105
134
133
130
119
130
50
55
61
53
44
26
45
44
26
41
83
72
94
89
87
111
103
121
112
108
57
52
55
55
56
28
25
21
11
91
99
101
102
91
138
113
111
42
32
36
42
43
51
61
52
43
49
100
105
104
104
104
109
110
113
106
46
41
43
48
43
48
48
44
50
95
92
106
104
95
123
122
119
108
119
42
43
50
48
41
21
36
35
19
24
74
61
82
77
75
99
92
109
101
96
46
41
43
43
45
24
16
11
10
79
87
89
90
79
126
101
99
53
37
46
49
50
59
71
67
54
59
116
121
120
120
120
126
126
129
123
53
48
50
53
61
52
55
50
68
112
108
122
120
112
139
138
135
124
135
40
50
52
55
40
26
42
40
33
42
88
79
100
95
93
117
108
125
117
112
48
41
49
45
43
20
10
14
25
95
103
107
106
95
142
117
115
107
95
99
100
98
88
87
67
66
69
38
42
42
42
38
46
45
51
42
104
97
97
92
64
72
72
68
62
36
29
41
39
31
59
58
54
44
57
88
91
91
81
73
82
101
100
73
83
42
37
26
18
31
30
26
45
35
29
102
99
95
93
94
95
90
82
87
88
17
18
21
8
59
32
32
97
86
89
92
93
75
74
54
55
56
21
25
26
26
26
29
33
35
29
96
85
85
80
58
61
59
55
49
19
14
24
23
18
44
43
38
30
41
83
83
83
69
68
74
91
91
68
78
35
32
18
19
22
19
16
28
19
12
96
92
88
88
89
84
83
67
78
79
9
13
5
10
45
25
19
110
98
102
103
101
89
88
68
69
70
35
37
37
38
28
36
36
40
31
107
99
99
94
67
75
73
69
63
35
30
39
39
24
52
48
47
35
47
91
94
94
83
76
85
104
103
76
86
45
40
28
22
34
33
24
36
26
20
105
102
98
96
97
98
93
81
90
90
11
19
17
5
47
18
13
105
94
97
100
100
83
82
62
63
64
22
22
27
27
20
26
29
33
29
104
93
93
88
66
69
67
63
57
22
20
27
21
16
40
40
38
28
39
90
91
92
78
75
83
99
100
75
85
43
39
23
22
34
17
13
25
17
8
104
100
96
95
96
92
92
76
86
87
13
10
4
9
38
18
17
109
97
101
102
100
90
89
69
68
71
32
36
37
37
31
39
38
45
37
106
99
99
94
66
76
74
67
64
31
27
40
34
23
56
51
50
37
50
90
93
93
79
75
84
103
101
75
85
44
39
34
19
36
30
21
38
29
23
104
101
97
95
96
96
92
77
89
89
10
19
11
16
52
26
25
158
147
150
153
152
136
135
115
116
117
62
53
40
47
48
48
48
47
44
157
146
146
141
118
122
120
116
110
71
71
78
62
74
63
58
56
42
54
142
144
145
131
127
136
152
153
127
137
96
91
79
73
84
75
69
82
72
71
156
153
149
147
148
145
144
131
139
140
61
69
54
63
57
38
33
148
137
140
143
143
126
125
105
106
107
47
41
27
31
34
29
31
30
25
147
136
136
131
109
112
110
106
100
62
61
66
49
61
47
42
41
26
36
133
134
136
121
118
127
142
143
118
128
87
82
70
68
78
70
63
69
58
62
147
143
139
138
139
135
135
121
129
130
57
66
51
60
49
61
13
149
138
141
144
144
127
126
106
107
108
48
42
28
29
36
30
29
31
26
148
137
137
132
110
113
111
107
101
62
60
67
47
62
45
39
37
27
37
134
135
137
122
119
128
143
144
119
129
88
83
71
68
79
71
63
68
59
62
148
144
140
139
140
136
136
122
130
131
58
67
52
61
50
39
8

