7
12
13
5
23
23
24
20
22
60
65
67
63
67
66
62
65
61
19
15
10
23
22
19
24
29
57
58
59
62
56
66
66
63
62
64
16
18
23
21
21
13
15
14
20
18
39
39
46
45
45
54
54
56
57
55
14
14
13
13
5
14
13
16
22
11
53
51
56
53
57
66
65
60
64
68
9
10
10
5
25
17
20
21
16
57
58
60
60
60
63
60
61
61
21
15
12
22
19
18
21
25
59
55
52
56
57
60
61
58
61
61
13
14
17
21
20
10
11
10
14
18
35
35
43
41
39
48
51
56
55
53
11
11
11
13
6
11
6
10
15
4
47
45
50
48
50
59
58
60
61
62
3
2
2
2
17
10
15
13
17
51
52
54
53
54
57
54
55
55
11
14
1
16
9
15
13
19
53
49
46
49
51
54
54
53
53
55
8
11
8
14
13
2
2
3
8
13
30
27
37
35
32
42
46
50
49
47
5
4
10
3
3
6
3
8
10
3
41
38
45
40
44
53
52
54
56
55
10
8
9
7
15
19
20
20
17
56
61
63
59
63
62
58
61
57
16
14
9
24
18
20
21
26
52
52
55
58
51
62
62
59
58
60
11
16
11
23
22
11
10
10
13
21
37
35
42
41
41
50
53
52
53
51
14
13
15
12
8
12
9
14
13
11
49
47
52
49
53
59
56
56
60
64
5
6
9
8
20
19
20
19
22
56
61
61
59
63
62
58
61
58
21
12
10
19
18
19
19
23
54
54
55
58
53
62
62
59
58
60
12
11
17
17
17
13
12
13
16
17
35
35
42
41
41
50
50
52
53
51
13
9
13
12
10
11
8
16
19
10
49
47
52
49
53
60
56
57
60
64
25
20
27
23
19
7
10
10
11
46
48
51
48
50
52
50
51
51
25
22
14
14
5
6
8
18
47
44
42
45
46
49
49
48
50
50
24
16
18
18
22
17
19
21
18
23
25
31
33
31
28
38
41
45
44
42
22
21
25
21
20
22
20
18
22
19
37
34
40
36
40
49
49
50
51
51
21
19
25
20
17
11
9
4
12
42
46
47
44
46
48
47
47
47
28
24
13
11
7
5
10
12
42
39
40
41
40
45
45
44
46
46
20
19
14
21
15
17
22
21
18
27
21
27
29
28
22
36
36
41
40
38
21
21
21
17
16
22
20
18
25
19
32
28
36
31
38
46
45
46
47
45
24
24
32
27
24
20
8
15
19
43
46
48
46
48
49
46
47
47
30
27
17
8
12
11
9
14
45
39
40
43
43
46
47
46
47
47
24
26
20
24
21
25
30
27
16
30
23
25
29
27
25
35
39
42
41
39
26
27
25
22
23
30
24
21
29
22
34
31
38
34
38
47
46
48
49
48
68
70
68
69
65
50
52
53
30
89
94
94
92
96
95
91
94
90
70
68
58
52
51
52
54
64
84
85
88
91
84
95
95
92
91
93
67
61
62
58
68
63
65
67
64
62
70
65
75
74
74
83
87
85
86
84
68
69
67
67
64
68
66
64
68
65
82
80
85
82
86
92
89
89
93
97
27
30
29
31
30
22
20
17
6
51
50
54
53
52
57
55
56
56
33
29
21
15
12
18
18
20
52
49
42
49
51
54
54
53
55
55
26
25
21
28
29
25
26
30
25
27
30
33
38
36
34
43
46
50
49
47
28
29
27
28
23
29
26
23
28
24
42
40
45
40
40
52
49
50
53
59
54
51
51
53
50
49
43
44
37
42
7
11
10
8
13
12
13
12
54
52
42
33
41
36
36
37
12
13
12
8
18
13
14
11
10
14
53
52
48
58
45
45
47
49
45
50
32
30
20
19
24
18
16
20
16
19
55
56
58
55
52
51
48
46
51
47
18
17
19
20
21
19
17
17
16
16
67
64
64
66
63
65
59
60
53
54
16
7
5
10
9
7
9
7
75
68
58
49
57
52
45
53
26
18
13
12
21
9
9
8
6
9
71
68
67
74
61
58
60
62
59
66
42
44
35
28
37
29
29
20
23
22
66
62
65
68
61
64
61
59
64
60
24
24
19
26
24
12
14
12
11
16
62
59
59
61
58
63
57
55
51
54
16
9
3
8
7
6
6
6
71
66
56
47
55
50
48
52
25
22
14
13
16
4
3
5
4
4
66
68
62
72
59
53
55
57
54
61
37
41
31
25
34
23
28
18
17
22
61
57
60
63
56
59
56
54
58
55
23
22
27
19
20
11
14
7
11
12
70
67
67
69
66
70
64
63
58
59
20
15
12
17
11
4
9
9
79
73
63
54
62
57
50
59
31
24
19
18
21
10
10
8
2
10
74
71
70
79
66
61
63
65
62
69
45
47
38
31
40
31
31
23
23
25
69
65
68
71
64
67
64
62
66
63
26
27
26
28
26
15
20
11
19
18
63
61
61
63
60
64
58
55
53
62
16
8
3
4
6
4
6
5
71
68
58
49
57
52
45
47
24
18
11
9
16
5
5
3
4
5
68
63
64
74
66
55
57
59
56
61
39
41
30
25
34
25
25
17
18
18
63
59
62
65
58
61
58
56
58
57
20
21
21
22
20
14
10
9
10
11
62
60
61
62
60
63
59
61
58
63
24
18
13
10
17
12
9
9
75
69
59
52
58
53
57
57
28
25
21
20
25
8
8
12
11
13
67
69
63
74
64
54
61
58
55
67
41
52
36
36
39
31
36
21
23
30
64
65
65
64
59
61
57
55
62
56
32
29
30
28
29
22
22
17
18
20
68
66
66
68
65
67
64
65
58
59
22
16
15
6
18
14
12
12
80
73
63
54
62
57
53
58
31
29
19
22
21
13
11
11
4
12
73
75
67
79
66
60
62
64
59
71
42
48
37
34
37
32
34
21
24
28
66
64
65
68
63
64
63
61
64
60
30
27
32
26
27
20
25
17
22
21
67
64
64
66
63
66
60
61
54
55
24
15
9
10
15
5
7
6
71
69
59
50
58
53
48
54
26
27
21
19
17
7
4
5
5
7
71
73
67
75
62
58
60
62
59
67
43
44
33
29
38
32
31
19
18
23
66
62
65
68
61
64
61
59
64
60
27
25
27
23
25
18
17
16
19
15
63
61
61
63
60
64
58
59
52
55
18
12
6
4
12
7
1
4
74
67
57
48
56
51
49
52
25
25
15
15
17
4
5
3
1
3
68
70
64
73
60
55
57
59
56
65
39
45
33
29
34
29
28
18
19
24
63
59
62
65
58
61
58
56
61
57
26
21
28
20
21
15
20
13
15
14
16
17
18
18
11
24
21
22
22
26
58
63
65
62
65
64
61
63
62
6
7
23
20
20
23
26
60
56
57
60
58
64
63
61
62
62
23
21
26
33
32
22
23
21
25
32
39
34
44
43
40
52
54
59
56
56
19
15
24
18
17
22
19
23
28
22
50
46
54
51
55
64
63
64
65
63
18
18
22
18
17
31
30
30
28
28
65
71
68
67
72
71
66
69
65
10
15
31
27
24
28
32
62
65
65
67
61
70
70
67
68
68
21
26
23
32
31
21
22
20
24
31
44
42
52
51
48
57
61
60
62
59
19
21
20
19
16
24
18
23
31
21
58
54
59
57
56
66
63
64
67
71
19
21
20
21
21
29
21
23
24
21
53
58
60
56
60
59
56
58
57
12
10
21
15
15
18
28
55
50
52
55
52
59
59
56
57
57
21
22
28
28
27
20
21
22
27
27
34
38
39
38
38
47
50
51
50
48
25
21
26
23
22
22
21
27
30
22
48
44
49
46
50
59
58
56
57
61
27
30
28
29
30
18
13
13
11
22
43
42
46
45
44
49
47
48
48
34
27
15
11
8
9
14
46
41
36
41
43
46
46
45
45
47
30
27
25
25
31
23
27
27
24
24
22
27
30
28
28
35
38
42
41
39
31
27
31
27
28
29
26
24
25
25
34
32
37
32
34
44
42
44
45
53
22
20
25
21
20
16
15
18
14
9
51
56
58
54
58
57
53
56
54
28
23
10
16
12
20
24
53
47
50
53
49
57
57
54
53
55
26
25
21
27
19
24
24
22
22
32
35
38
37
36
36
45
48
48
48
46
26
23
27
24
22
25
22
25
32
22
44
42
48
44
48
57
56
58
59
59
25
23
26
27
23
20
12
14
15
13
49
48
54
51
50
55
54
54
54
26
26
11
12
9
11
21
44
47
48
47
44
52
52
51
53
53
28
27
21
31
25
28
27
27
21
31
28
34
35
34
36
43
43
45
46
44
29
27
29
25
25
28
27
27
32
26
42
42
46
42
46
54
54
53
54
62
28
28
30
29
28
20
14
15
15
18
42
45
48
46
49
52
48
50
50
33
25
19
12
12
9
15
45
40
39
43
42
46
48
49
48
50
32
25
24
29
26
26
31
30
23
30
24
30
34
32
30
39
39
42
43
42
28
26
29
26
25
30
28
27
32
28
38
36
41
39
38
48
45
48
49
53
28
21
29
26
24
19
11
12
9
16
38
45
41
41
45
45
42
43
43
30
27
13
4
8
4
4
37
38
39
40
35
43
43
41
40
42
27
28
23
28
24
24
26
23
14
15
17
20
24
22
26
30
34
34
35
33
25
26
28
25
22
23
23
20
22
19
31
27
32
30
30
39
37
38
40
44
44
41
42
43
41
39
35
34
39
44
13
16
16
15
17
18
17
18
17
52
45
38
33
35
31
38
38
1
7
11
10
15
17
16
17
15
45
47
41
48
45
35
42
39
35
40
22
32
16
15
22
11
14
14
13
9
45
46
48
45
42
42
38
36
43
37
13
13
14
14
18
19
18
15
19
22
69
69
73
73
72
68
66
64
70
75
35
37
40
38
37
42
40
42
40
83
76
69
64
66
62
69
69
23
32
34
28
38
40
39
40
40
76
78
72
69
76
65
73
68
64
62
50
61
43
38
53
42
44
37
36
31
71
67
70
73
66
73
68
66
74
67
37
36
37
37
41
42
41
40
41
45
57
55
55
57
54
54
48
49
46
51
16
11
14
12
12
18
14
18
16
59
57
47
40
46
41
45
44
15
6
8
10
17
13
12
12
14
58
57
53
63
52
49
51
53
50
55
33
35
25
24
29
21
24
23
18
20
60
61
63
60
57
55
52
50
54
51
22
19
23
20
22
24
21
21
20
23
61
58
58
60
57
56
50
51
44
45
10
10
15
11
12
17
14
17
16
61
59
49
40
48
43
37
44
20
22
15
12
14
14
13
13
14
60
59
55
65
52
52
54
56
52
57
38
37
27
24
31
22
23
17
24
18
62
63
65
62
59
58
55
53
58
54
24
20
24
22
17
16
21
15
17
24
52
49
49
51
48
52
47
47
43
48
13
14
13
11
14
16
13
15
14
64
58
48
38
45
41
42
42
15
8
6
6
11
13
15
13
16
56
58
52
63
50
43
45
47
44
55
27
35
24
17
25
19
20
12
11
7
51
49
50
53
46
49
46
44
49
45
15
15
17
12
20
20
17
17
21
24
62
59
59
61
58
60
54
55
54
59
19
13
8
6
13
7
6
5
7
70
63
53
48
52
47
53
53
30
21
17
16
21
3
4
3
4
66
68
62
69
60
53
57
57
54
61
38
48
36
31
35
27
32
17
20
26
61
61
61
63
56
59
56
54
59
55
28
25
24
24
26
18
22
11
13
16
68
65
65
67
64
66
60
61
54
56
25
18
9
11
13
9
8
9
8
71
69
59
50
58
53
50
54
27
27
22
18
18
6
6
6
5
72
69
65
75
62
59
61
63
60
67
44
45
34
30
39
33
32
20
19
23
67
63
66
69
62
65
62
60
65
61
28
26
30
26
24
20
23
17
19
16
63
60
60
62
59
61
55
56
51
56
20
13
4
5
10
4
3
4
3
66
64
54
45
53
48
50
50
27
22
17
14
18
2
3
1
3
67
64
63
70
57
54
56
58
55
62
39
43
32
27
34
27
29
15
17
23
62
68
61
64
57
60
57
55
60
56
26
22
25
21
22
15
20
11
14
14
75
72
72
74
71
73
67
68
61
62
31
25
16
11
23
14
7
11
15
83
76
66
57
65
60
54
61
35
34
28
27
24
13
14
14
14
79
76
75
82
69
66
68
70
67
74
51
52
41
37
46
40
39
22
26
28
79
70
73
76
69
72
69
67
72
68
35
33
37
32
30
25
27
24
26
23
62
60
60
62
59
61
55
56
53
58
18
12
5
5
12
7
6
4
7
66
64
54
47
53
48
52
52
29
22
16
15
20
6
2
5
1
67
64
60
70
59
54
56
58
55
62
39
44
33
28
34
28
28
20
19
25
62
68
61
64
57
60
57
55
63
56
24
24
25
22
23
17
19
12
12
14
5
7
8
11
4
21
18
19
19
15
56
56
62
59
58
60
56
59
55
19
13
10
21
11
17
22
26
50
51
47
55
50
59
60
59
56
58
10
11
20
19
8
8
3
12
14
34
32
41
40
34
49
52
56
55
53
5
4
5
2
2
10
6
10
13
6
46
43
51
46
52
61
60
61
61
57
14
12
17
13
13
14
19
20
16
17
53
58
58
56
60
59
55
58
54
21
20
12
22
13
19
21
28
50
51
52
55
49
58
59
56
55
57
10
8
23
22
12
12
13
15
23
32
36
39
38
38
47
47
49
50
48
10
9
10
7
8
15
13
14
19
11
48
44
49
46
50
56
53
53
57
61
10
12
14
13
12
18
18
17
14
21
53
57
57
57
56
60
58
59
59
19
19
11
15
14
15
20
23
56
50
46
53
55
57
58
57
59
58
10
9
13
12
12
13
14
16
23
31
35
41
39
37
46
47
54
50
51
14
11
11
9
11
13
13
13
18
11
45
43
48
44
44
55
52
54
56
60
14
9
15
17
9
14
8
11
14
13
48
49
50
50
49
52
51
51
51
28
16
16
15
8
13
17
20
49
42
43
46
44
49
51
50
51
50
17
18
4
11
15
17
17
16
14
26
23
35
33
25
39
42
47
46
42
11
15
14
7
6
17
12
17
22
11
37
36
42
38
42
48
49
49
49
54
13
8
14
16
8
11
13
11
13
17
50
52
57
55
57
56
52
55
51
23
16
10
13
8
16
16
21
45
46
49
52
45
55
56
53
52
54
13
16
3
13
14
16
17
12
26
31
27
36
35
35
44
50
46
47
45
10
14
13
13
5
16
14
14
21
12
43
41
47
43
47
56
55
57
58
58
8
4
8
9
7
22
20
19
20
20
55
59
62
60
59
62
57
60
56
23
17
13
18
18
20
22
24
52
51
50
56
50
59
61
60
61
60
13
15
15
22
21
6
7
10
18
33
30
41
40
35
49
49
51
52
50
9
11
12
11
9
7
4
8
13
2
47
44
52
47
52
61
60
62
63
57
7
6
10
11
8
24
22
21
22
22
55
58
60
57
61
62
61
61
61
24
15
13
20
17
21
24
26
55
51
55
56
53
59
60
57
61
60
15
13
16
20
19
6
5
13
11
33
29
43
42
38
49
50
54
53
51
13
12
12
8
6
4
4
7
10
3
47
44
49
47
51
59
58
59
59
61
9
9
11
9
8
19
19
22
21
24
53
57
58
58
60
60
59
59
59
23
17
14
21
19
23
26
24
57
51
54
55
53
57
59
59
59
58
14
16
11
23
22
5
5
10
15
31
29
41
41
35
47
52
54
53
51
10
10
11
8
7
6
7
11
14
3
45
44
50
47
48
57
58
57
58
60
20
19
17
18
18
25
31
24
24
25
52
55
55
58
57
59
56
57
57
27
25
18
19
25
23
26
22
55
50
46
54
50
57
57
57
57
57
23
21
27
26
27
12
18
17
14
35
34
38
36
33
44
48
52
51
49
21
20
20
18
14
15
14
9
14
9
45
41
46
44
40
53
50
50
54
58
9
8
15
12
12
23
24
21
23
24
45
48
50
48
50
50
49
49
49
25
18
14
16
19
23
23
25
50
43
44
47
45
48
49
49
49
48
18
21
16
28
22
7
10
9
4
23
21
35
31
28
38
44
46
45
43
14
18
18
11
12
8
8
7
14
4
35
35
42
38
41
49
47
47
50
53
28
26
26
28
25
29
26
20
21
22
22
26
29
27
28
28
25
27
26
39
36
28
16
21
17
24
16
24
19
22
25
23
26
28
26
26
27
33
35
29
40
27
20
22
24
21
33
12
27
10
12
16
17
21
20
18
28
24
27
30
23
26
23
21
26
22
14
13
19
16
20
25
26
26
26
35
22
21
25
25
24
23
20
14
19
26
27
33
34
33
34
33
30
32
31
33
30
24
16
22
19
18
16
29
26
27
32
27
32
33
31
31
31
31
29
23
34
25
17
25
20
16
20
15
13
11
13
21
24
26
25
23
28
29
29
24
23
25
20
18
26
19
19
17
20
18
22
32
32
34
35
32
41
40
44
44
43
39
42
35
39
39
22
28
24
24
28
26
25
26
26
55
49
44
30
37
38
37
31
20
16
19
24
25
26
26
26
26
26
45
44
40
45
47
36
44
39
35
41
24
21
9
20
16
17
22
21
18
47
48
48
41
42
44
39
37
45
38
12
9
15
13
15
22
19
21
23
30
50
42
47
46
46
42
42
37
37
37
22
25
26
26
27
28
27
24
24
56
53
43
29
40
37
38
33
22
23
21
26
20
25
27
27
27
26
54
45
49
57
48
41
43
45
40
43
25
23
16
21
16
21
16
19
18
49
54
55
51
44
47
44
42
47
43
14
11
16
11
12
22
25
22
25
32
37
35
35
37
34
33
30
27
29
34
25
28
28
29
30
31
29
30
30
43
40
33
25
30
27
26
23
24
21
22
27
25
28
30
30
30
29
44
37
38
47
38
29
32
33
30
33
12
15
12
12
17
18
22
21
19
37
36
36
39
32
35
32
30
33
31
12
10
17
12
19
27
26
28
28
31
43
41
41
43
40
44
41
42
39
47
14
15
14
16
17
18
15
16
16
50
51
44
34
43
38
31
35
12
8
15
14
16
15
16
16
16
16
48
50
44
55
42
35
37
39
36
48
19
23
12
10
14
6
8
7
9
43
39
42
45
38
41
38
36
41
37
1
6
5
4
8
17
11
13
15
21
46
43
43
45
42
46
42
36
36
35
12
13
14
12
13
14
13
13
13
55
53
43
31
41
37
36
33
10
6
9
12
9
13
14
13
13
12
50
44
46
56
47
37
39
41
38
42
24
23
12
7
13
6
7
12
6
45
41
44
47
40
43
40
38
43
39
8
6
11
5
4
18
14
12
15
18
92
92
96
96
95
91
99
100
93
94
71
70
69
66
74
62
64
68
67
110
108
98
89
97
92
85
93
66
70
69
66
65
68
66
66
67
67
97
96
92
114
101
88
96
91
87
106
76
86
72
71
80
65
67
53
66
99
100
100
93
94
96
91
89
97
90
66
67
68
63
67
75
76
67
69
76
49
46
46
48
45
49
41
47
40
45
18
23

