11
14
13
12
28
23
24
24
27
62
61
67
64
63
66
65
65
61
22
16
13
23
22
19
25
28
64
56
59
60
62
65
66
64
64
66
16
18
22
28
27
13
14
15
20
25
41
39
49
47
45
54
54
56
60
58
14
14
13
13
7
16
13
16
22
11
51
48
56
53
56
63
60
60
64
68
9
11
12
11
23
21
22
21
16
56
60
60
58
63
63
60
61
61
21
15
11
22
15
18
22
25
57
55
52
59
56
62
61
58
60
60
13
14
17
21
20
11
12
13
15
20
36
34
43
42
38
50
52
56
53
52
11
11
13
12
7
12
8
14
15
11
48
45
52
47
50
61
61
60
62
61
6
6
9
5
16
10
17
14
15
49
54
54
52
57
57
53
55
55
13
11
10
16
9
16
18
19
51
49
46
52
50
54
54
52
53
54
9
7
8
14
13
6
8
4
7
12
32
26
40
37
32
41
46
50
47
46
5
4
6
3
3
7
5
8
10
3
43
39
46
40
43
55
54
55
56
55
12
10
13
10
15
19
22
20
17
56
61
61
59
63
64
58
61
63
20
15
13
24
14
20
27
31
52
57
49
58
51
61
62
59
58
60
11
12
11
19
18
11
11
10
13
17
39
32
42
41
37
50
54
57
53
51
12
10
12
9
8
14
9
14
13
11
49
47
53
49
45
62
61
61
63
60
9
12
12
13
20
17
21
22
22
56
59
61
59
63
63
58
61
62
20
16
13
24
16
24
19
24
54
54
53
58
53
60
60
59
58
60
11
13
14
22
21
11
11
11
14
17
35
33
42
41
38
50
52
56
53
51
10
9
12
9
10
12
10
16
16
11
48
46
51
47
49
60
60
61
61
60
22
20
22
23
20
15
17
10
13
46
48
51
48
50
52
50
51
50
25
23
12
16
14
11
16
18
47
44
46
47
46
51
51
48
49
50
21
17
18
18
17
22
23
21
18
23
28
31
33
31
33
40
43
44
44
42
22
21
23
20
20
22
20
23
22
19
38
36
40
38
40
49
48
49
51
52
21
19
25
24
19
21
18
10
14
43
44
46
45
48
48
44
47
47
32
24
13
13
14
13
12
20
42
40
40
46
40
47
45
46
44
45
20
18
14
24
24
23
24
21
20
27
24
27
32
29
22
35
37
41
39
38
21
22
21
17
18
23
20
23
25
21
35
35
36
31
35
46
45
46
47
45
24
24
27
27
24
19
13
10
14
43
47
48
46
48
49
46
47
49
30
27
17
15
13
10
13
18
45
42
43
46
43
47
47
46
46
47
24
19
20
21
18
25
28
26
17
21
27
26
29
27
25
37
39
42
41
39
26
26
25
22
21
27
25
21
25
24
37
36
38
34
38
47
46
48
49
48
71
70
73
69
65
62
52
53
65
91
91
96
94
93
95
94
94
90
70
68
60
52
51
52
54
61
93
85
88
90
91
94
95
94
93
95
70
62
62
69
68
63
65
70
64
72
70
74
78
76
74
83
86
85
89
88
71
69
71
67
66
69
69
64
76
65
82
80
85
82
85
92
89
89
93
97
27
26
30
29
26
24
20
22
21
51
50
56
53
52
56
55
55
51
33
29
22
21
20
20
18
23
52
46
51
49
51
55
56
53
54
55
27
25
27
26
25
27
30
28
23
27
30
36
38
36
37
46
45
46
49
47
29
28
30
26
24
29
27
23
33
27
40
43
45
43
45
52
49
49
53
57
51
49
50
51
50
46
41
44
37
42
15
13
13
16
15
14
14
12
59
54
42
33
40
39
36
44
23
13
11
17
18
14
14
11
10
14
53
52
53
51
48
44
46
49
45
45
32
30
20
20
24
17
21
24
16
20
52
49
52
51
48
50
48
45
51
46
18
16
20
18
17
17
18
12
17
16
58
55
56
59
55
57
54
56
53
58
17
12
8
11
11
7
9
8
65
62
52
49
54
52
52
51
26
18
20
15
21
9
9
9
7
9
62
61
58
67
59
58
60
54
50
61
36
44
34
29
34
29
29
20
23
25
60
60
60
59
54
58
52
56
57
51
27
24
28
26
24
17
13
12
11
16
61
59
60
60
60
59
55
53
51
54
19
13
9
13
7
5
5
6
68
67
56
47
54
51
48
51
25
20
17
13
18
7
6
6
5
5
63
64
62
63
59
53
55
59
54
57
39
44
32
25
34
23
28
17
17
22
61
59
62
61
58
59
58
54
61
55
25
22
26
20
24
15
14
7
11
16
63
60
62
63
61
60
57
59
56
61
20
21
12
18
11
10
10
10
72
69
57
52
57
55
55
54
31
24
19
19
21
10
10
9
8
10
66
65
65
70
62
61
63
60
57
64
40
47
36
33
36
31
31
23
23
25
65
63
64
63
59
62
59
62
61
58
29
27
34
28
26
21
20
15
19
19
57
55
57
58
56
56
52
51
51
53
12
12
7
6
6
4
7
6
67
64
53
47
52
47
47
46
26
18
11
14
16
5
5
5
4
5
59
59
60
62
58
55
57
55
52
56
35
41
30
25
30
25
25
17
18
21
60
55
58
57
54
56
54
56
55
53
22
21
26
22
20
13
15
9
13
12
62
62
65
62
62
63
60
59
59
62
26
18
14
10
22
10
13
11
71
69
63
53
58
53
55
57
31
25
23
24
25
13
11
10
10
12
67
69
63
70
67
54
61
63
55
64
47
52
36
35
42
32
36
21
24
26
64
63
67
64
60
62
60
55
66
59
32
29
30
28
29
21
24
17
18
20
66
64
66
65
65
66
61
59
59
59
25
16
15
9
18
13
13
12
73
73
63
54
61
57
53
58
31
29
24
23
23
13
12
11
8
12
68
69
67
68
66
58
60
64
59
62
45
50
37
32
40
32
36
21
25
28
66
64
67
66
63
64
63
59
66
60
30
30
32
28
30
21
22
17
22
21
64
62
63
64
63
62
58
56
54
55
24
17
9
9
15
10
6
9
69
67
59
50
56
51
48
55
26
25
21
19
23
6
6
8
6
6
66
67
63
63
62
57
59
62
58
57
43
47
33
29
38
30
34
19
25
21
65
62
65
64
61
63
61
58
64
59
27
27
27
26
23
18
19
15
17
15
61
59
61
61
60
60
56
53
52
55
20
12
6
5
12
5
4
6
69
67
57
48
55
51
49
52
25
23
18
17
20
4
5
6
4
5
63
64
63
64
60
54
56
59
55
58
39
45
33
28
34
28
30
17
19
24
62
59
62
61
58
60
58
55
61
56
26
24
28
23
24
17
19
13
17
15
14
19
16
19
14
24
26
30
25
25
58
62
64
61
65
66
61
63
65
20
14
30
20
20
23
33
60
58
57
60
58
63
63
62
62
62
19
20
20
28
28
20
19
20
23
25
39
34
44
43
40
52
55
59
56
54
20
15
20
18
17
20
19
24
25
19
51
49
54
49
53
64
63
64
65
63
21
20
22
20
20
31
30
31
31
31
65
69
68
67
72
72
66
69
70
28
19
31
26
30
28
32
62
64
60
67
61
69
70
67
66
68
21
25
23
32
31
24
24
20
26
31
46
45
52
49
50
57
61
65
62
59
21
22
20
19
18
24
21
24
31
21
57
54
61
57
56
70
69
69
70
68
19
21
21
21
21
28
22
23
24
21
55
58
60
58
60
59
58
59
57
21
23
22
15
22
22
30
56
51
52
54
55
58
59
58
57
59
23
25
25
28
27
23
21
22
26
27
34
38
42
43
38
47
50
51
53
52
23
21
22
21
22
22
21
27
27
22
46
45
49
46
49
56
56
56
57
61
27
26
28
29
27
22
20
19
11
16
43
45
46
46
49
49
45
47
48
33
30
15
14
12
17
24
41
41
36
45
42
46
46
46
44
46
28
27
25
25
23
28
29
28
25
26
32
27
34
27
28
37
40
42
40
39
31
27
30
27
26
28
26
24
25
25
35
33
40
36
34
47
46
47
48
50
22
25
25
25
20
23
21
22
14
23
52
56
57
54
56
57
56
56
56
28
26
23
20
18
19
26
53
47
50
52
52
56
57
54
55
56
27
25
20
27
27
24
26
24
25
30
36
37
39
37
40
45
48
50
50
48
26
26
27
24
21
26
23
25
28
23
44
43
46
44
46
55
54
55
57
58
25
26
26
27
26
20
17
18
12
15
51
48
54
51
50
55
54
54
50
26
29
20
12
16
19
20
53
44
48
47
49
54
54
51
53
53
28
27
21
33
25
26
27
27
29
31
32
34
40
38
36
43
43
45
49
49
29
27
29
25
25
30
28
27
32
26
42
39
47
42
46
54
51
51
55
59
28
28
30
30
28
19
15
18
15
18
42
48
48
46
50
51
48
50
47
38
26
17
13
14
15
19
50
42
39
47
45
46
48
50
48
50
32
25
27
32
26
26
30
31
27
30
26
30
34
32
30
40
39
42
46
42
28
26
32
29
25
30
28
27
32
27
38
36
41
39
41
48
45
48
49
53
24
21
27
26
23
19
16
12
9
14
39
45
41
41
45
45
40
43
43
29
27
13
15
10
11
14
37
38
34
40
35
43
44
41
40
42
27
28
23
28
24
23
25
23
15
26
24
25
27
23
26
30
34
38
35
33
25
26
26
24
20
26
23
20
22
21
31
27
36
31
30
43
43
42
43
42
43
43
48
43
43
39
36
34
38
38
20
16
18
16
17
20
17
19
17
52
47
42
33
37
31
32
38
13
16
11
16
16
17
17
17
18
48
50
44
48
45
35
42
44
36
40
30
34
22
18
26
17
19
14
14
12
46
44
48
45
41
44
41
36
48
40
13
16
18
14
14
19
21
15
19
22
71
69
71
70
70
72
68
65
67
70
36
37
39
38
39
41
40
41
41
78
77
69
58
70
61
65
65
43
33
34
33
38
40
39
39
40
74
75
69
76
73
65
68
68
64
70
50
56
45
38
45
40
43
36
36
31
71
70
73
72
69
69
68
64
72
66
40
36
43
39
41
47
43
42
41
45
56
54
55
56
55
50
47
49
46
51
16
20
14
14
19
19
14
17
17
64
59
47
42
47
46
45
47
22
14
17
23
17
13
16
12
16
58
57
58
60
52
49
51
54
50
54
37
35
25
26
29
21
27
25
18
20
57
54
57
56
53
55
53
50
56
51
22
17
23
17
18
23
21
21
22
23
54
53
57
54
53
52
48
46
44
46
24
18
15
15
17
17
14
17
16
61
58
49
40
47
42
37
46
22
18
17
19
14
14
15
13
14
59
59
54
57
52
46
50
54
47
51
38
37
27
24
31
19
25
25
23
18
54
55
59
56
52
52
52
47
58
48
23
32
24
17
17
16
21
16
17
20
51
50
52
50
50
50
46
46
43
48
13
14
13
14
16
17
15
17
15
58
58
47
39
45
42
42
43
20
10
13
12
0
16
14
13
16
55
56
52
57
50
43
45
51
44
51
33
35
24
20
29
18
21
13
14
16
51
51
54
53
49
49
49
44
53
45
18
15
19
16
16
20
17
17
20
22
60
57
59
60
58
58
55
57
54
59
19
16
8
8
12
7
7
5
7
70
65
53
50
55
53
53
53
31
24
17
16
28
6
7
5
6
64
63
62
68
60
59
62
57
54
62
38
47
36
32
35
31
31
17
22
26
62
61
61
60
56
59
56
60
59
55
28
27
32
25
26
18
20
15
18
16
64
61
63
64
62
61
58
60
57
62
21
18
10
11
13
9
8
8
8
71
69
57
50
58
53
56
54
27
27
20
19
21
8
8
6
7
67
67
65
71
63
59
61
61
58
65
42
45
36
31
38
33
32
20
19
29
66
64
64
63
60
62
60
60
63
59
31
26
30
26
28
19
19
17
19
19
62
61
62
61
61
60
55
55
52
57
19
13
5
5
13
6
3
7
5
66
64
57
45
53
48
51
52
28
22
17
14
19
7
6
3
7
65
66
60
66
60
54
56
61
55
60
41
45
34
30
36
28
29
18
18
24
62
61
64
63
60
60
60
55
62
56
26
23
25
21
23
15
19
12
14
14
68
66
67
69
66
67
64
66
63
68
27
25
17
11
20
14
15
14
15
78
73
62
57
64
60
62
61
34
33
26
25
24
16
15
15
14
72
71
70
77
69
66
68
65
62
71
46
52
43
38
44
40
39
25
26
34
71
70
70
69
64
68
64
67
67
63
37
33
37
32
34
26
24
24
26
25
62
61
63
61
61
61
55
56
54
55
21
12
9
5
13
8
5
11
7
66
64
59
49
53
48
49
52
27
22
19
15
20
6
6
5
5
66
67
60
64
62
54
56
62
55
58
42
46
34
28
37
28
31
20
19
24
62
62
65
64
60
60
60
55
63
56
24
24
25
22
23
16
19
12
12
14
5
8
10
10
8
15
16
19
19
15
55
59
58
57
62
62
56
59
60
19
13
10
21
13
17
22
26
50
55
47
57
50
59
60
57
56
58
13
8
14
16
9
9
10
13
14
36
29
41
39
35
47
51
55
52
49
7
8
11
8
5
9
7
14
13
6
46
44
51
46
44
60
60
59
60
56
13
12
17
14
12
18
17
17
20
17
53
58
58
56
60
61
55
58
60
21
19
13
22
13
20
22
28
50
51
49
55
49
58
59
56
55
57
16
13
21
20
12
13
13
19
23
32
32
64
38
35
47
51
54
50
48
12
11
14
12
8
15
13
15
22
11
46
44
50
47
45
57
58
58
58
57
10
11
14
13
10
18
16
17
14
14
53
57
57
56
60
60
55
58
59
19
16
12
16
15
16
22
24
51
50
46
55
52
57
58
56
55
57
17
15
22
23
12
13
14
19
23
31
35
41
40
36
46
50
54
50
48
11
11
15
10
10
16
11
15
18
14
45
43
49
46
44
56
57
57
57
57
14
9
17
15
11
15
16
17
11
13
48
50
52
50
49
52
51
51
50
27
16
12
14
9
14
17
20
49
43
46
46
47
50
51
50
50
50
14
13
14
20
18
17
18
16
20
29
29
35
33
32
39
42
43
46
44
11
14
14
9
7
17
12
17
20
11
37
36
42
40
42
49
47
49
50
54
14
9
14
15
9
13
13
20
13
11
50
55
55
53
57
58
52
55
57
26
16
10
19
12
15
18
25
45
50
43
52
45
55
56
53
52
54
15
13
17
20
18
16
17
14
19
31
26
36
35
32
44
48
51
47
45
12
13
14
10
8
16
12
21
21
10
43
41
46
44
40
56
55
55
57
52
8
10
14
13
7
22
19
23
23
22
55
59
59
58
62
62
57
60
60
22
17
13
21
18
21
24
24
52
52
50
57
50
59
60
58
57
59
13
16
15
23
22
8
8
13
17
33
32
41
40
37
48
52
55
52
50
12
11
14
11
9
9
6
12
13
7
46
44
52
47
48
58
59
59
59
59
7
10
11
11
10
21
21
23
22
21
55
58
60
57
61
61
59
59
60
21
18
13
21
17
21
23
26
55
51
53
56
53
58
60
57
59
58
12
13
17
20
19
9
11
12
16
33
29
43
42
37
49
51
55
53
51
13
10
11
8
6
10
6
13
11
7
47
45
51
48
48
58
58
58
59
60
9
8
13
8
8
19
19
22
21
23
53
58
58
59
60
60
59
60
59
21
18
14
20
19
23
25
27
55
51
53
55
53
58
59
59
59
60
14
16
11
24
22
7
11
10
16
31
29
43
43
35
47
50
54
53
51
11
10
11
8
7
10
7
10
14
6
47
43
50
47
48
57
57
57
58
61
18
17
19
18
18
27
27
29
24
25
52
58
55
55
59
59
54
57
57
29
26
24
26
25
23
26
33
49
52
46
54
50
57
58
55
54
56
21
22
22
26
28
17
18
19
19
35
30
38
36
33
44
48
52
49
47
21
19
18
18
18
19
15
20
18
12
45
41
49
45
40
57
57
55
57
52
13
11
15
12
12
27
24
25
23
24
47
51
51
48
52
52
49
49
53
26
23
14
21
23
23
25
25
48
47
44
50
45
50
49
49
49
48
18
21
21
28
27
8
9
10
15
30
27
38
31
28
43
44
46
45
44
15
16
18
17
12
8
8
8
15
7
35
39
44
41
41
51
50
50
52
51
26
24
26
27
25
28
21
20
23
22
22
26
28
27
29
29
25
29
28
38
33
29
20
21
17
20
22
24
19
22
25
23
26
29
26
26
26
28
29
29
31
28
25
27
24
21
25
24
19
16
19
21
23
25
20
18
29
24
27
26
23
25
23
27
26
22
17
21
21
17
17
27
26
26
26
27
22
26
28
27
24
23
20
22
19
26
31
35
34
33
35
33
32
32
32
35
30
24
16
22
19
19
22
29
29
31
34
31
32
33
34
32
33
27
29
24
34
30
20
25
27
21
29
25
24
17
18
21
24
27
25
27
28
26
27
24
21
23
22
20
27
23
20
17
25
18
22
32
31
30
33
37
42
40
44
43
41
45
41
35
40
45
22
28
30
27
28
26
25
26
24
49
50
40
30
41
38
37
31
28
16
19
27
25
26
26
26
26
26
47
49
40
55
46
39
39
39
35
41
24
25
16
24
17
17
19
21
18
42
45
47
44
40
43
39
38
45
37
16
17
15
13
14
22
19
25
23
27
45
42
46
47
44
47
42
37
42
47
22
27
26
27
26
28
25
24
24
51
52
42
32
40
37
38
33
26
23
26
26
22
25
27
26
26
26
49
51
42
57
48
41
41
41
37
43
26
27
21
21
20
23
16
20
18
46
48
49
46
42
45
41
42
47
39
16
18
20
13
15
22
25
25
27
27
37
36
42
37
36
38
30
27
32
34
23
29
28
27
30
31
25
28
30
44
43
32
26
30
27
26
29
24
22
23
27
24
28
29
26
26
27
41
43
37
47
38
29
36
37
30
33
27
24
21
14
23
23
22
20
18
37
38
41
38
35
35
35
30
39
31
16
21
20
12
19
27
26
28
28
27
41
39
40
41
40
44
36
33
39
39
16
17
15
14
20
18
17
16
16
50
48
41
33
40
34
31
36
16
10
13
14
13
15
17
17
17
17
43
44
44
42
42
35
39
39
36
36
19
26
15
10
14
18
8
16
9
43
39
42
41
38
40
38
36
41
37
10
10
9
5
7
16
16
16
17
16
44
39
42
44
41
43
40
36
39
44
13
17
15
12
13
16
13
13
12
48
48
38
31
40
37
36
32
18
14
12
14
13
14
14
13
13
12
46
47
42
53
45
37
39
37
34
42
22
23
17
12
16
15
7
14
12
45
44
46
44
40
43
37
38
43
36
12
9
11
9
11
18
15
12
15
20
94
92
96
93
93
97
94
96
93
98
73
76
70
70
72
62
64
65
65
101
102
92
89
94
92
92
91
66
69
72
66
65
65
66
70
67
69
99
101
92
107
99
86
88
91
87
101
76
85
72
71
76
65
67
10003
59
94
95
99
96
92
92
91
87
97
88
65
67
74
63
62
78
77
77
79
76
48
47
52
48
47
49
44
45
40
45
19
